1332
1931
1935
1943
1946
1950
1973
1977
1965
1970
1991
1966
2034
2055
2063
2066
2070
2075
2080
2070
2059
2080
1445
1547
1935
1941
1928
1935
1960
1961
1966
1970
1977
1979
1972
2039
2060
2064
2070
2075
2081
2091
2041
2686
2708
2713
143
532
900
1309
1010
2040
2060
2065
2070
2075
2096
2100
2075
2077
2100
2105
147
516
905
1312
1646
2039
2060
2065
2069
2059
2080
2069
2058
1439
2084
1449
1550
1938
1936
1932
1938
1960
1964
1969
1976
1978
1984
1973
2047
2058
2068
2058
2060
2067
2071
2059
2065
2086
2091
2096
2102
2104
2098
2092
2110
2132
2138
2128
2151
2157
2151
2156
2158
2156
2186
161
535
924
1314
1671
2060
2085
2086
2077
2083
2100
2113
2099
1464
2111
1476
1578
1967
1973
1962
1967
1989
1996
1999
2007
2011
2017
2005
2075
2096
2101
2090
2095
2117
2123
2113
2117
2123
2143
2134
2136
2145
2149
2142
2143
2156
2170
2175
2180
2193
2206
2179
2184
2206
2212
170
558
948
1337
1693
2082
2104
2093
2098
2100
2108
2116
2102
1486
2113
1494
1595
1983
1990
1977
1986
2004
1369
2015
2015
2024
2013
2018
2083
2108
2105
2102
2107
2128
2133
2122
2114
2132
2138
2141
2147
2152
2157
2148
2152
2173
2176
2182
2188
2209
2214
2186
2192
2209
2219
1599
2228
2233
2237
2224
2227
2247
2250
2253
2240
2260
1687
2075
2094
2097
2093
2105
2109
2112
2100
2104
2124
2128
2132
2136
2123
2127
2117
2139
2157
2159
2147
2149
2158
2159
2144
2151
2172
2176
133
523
909
1297
1656
2044
2077
2066
2071
2075
2081
2099
2087
2086
2110
2117
123
511
899
1288
1644
1408
1796
1797
1805
1794
1798
1786
2029
2050
2055
2055
2064
2068
2073
2062
2066
2087
2092
2096
2101
2089
2093
2082
2107
2124
2112
2117
2124
2126
2131
2119
2124
2142
2149
107
495
884
1273
1629
2018
2039
2043
2031
2036
2042
2077
2068
2070
2091
1456
117
1928
1934
1924
1913
1931
1953
1941
1945
1950
1957
1945
2012
2034
2036
2042
2046
2052
2056
2047
2052
2072
2077
2084
2090
2081
2087
2080
2103
2122
2112
2119
2124
2134
2136
2129
2136
2155
2161
119
509
898
1290
1649
2037
2062
2064
2042
2058
2081
2067
2077
2081
2087
2107
2113
2104
2112
2114
1464
1499
1810
1817
1821
1811
1816
1805
2050
2071
2074
2083
2091
2092
2100
2088
2093
2115
2120
2125
2131
2120
2124
2114
2135
2156
2146
2151
2145
2162
2168
2156
2161
2183
2188
148
535
924
1329
1671
2059
2080
2085
2074
2079
2102
2088
2094
2100
2102
2126
2131
2120
2125
2130
1479
1500
1826
1833
1820
1825
1830
1819
2065
2085
2090
2098
2096
2105
2110
2100
2104
2125
2131
1575
2204
2209
2215
2204
2209
2230
2235
2240
2228
2252
2255
2230
2237
2254
2259
169
542
931
1336
1695
2066
2086
2090
2079
2085
2090
2096
2085
2089
2110
2131
2136
2125
1490
1480
1484
1521
1829
1834
1839
1845
1849
1838
2067
2087
2092
2098
2105
2108
2113
2104
2107
2130
2133
2137
2126
2131
2133
2119
2148
2168
2157
2162
2167
2171
2177
2167
2174
2175
2197
172
559
932
1338
1694
2067
2103
2092
2097
2098
2104
2112
2102
2107
2128
2127
2137
2126
2131
2136
1485
1522
1831
1835
1840
1845
1852
1839
2069
2089
2094
2100
2104
2109
2114
2103
2108
2129
2134
2139
2144
2134
2138
2129
2148
2169
2158
2163
2167
2174
2177
2166
2171
2192
2197
172
560
949
1339
1697
2083
2104
2109
2114
2119
2123
2131
2118
1499
2144
2150
181
1985
2629
1981
1985
2008
2013
2017
2025
2028
2019
2026
2077
2099
2104
2110
2115
2120
2126
2117
2123
2143
2148
2153
2159
2148
2154
2144
2164
2186
2175
2180
2186
2191
2188
2188
2191
2212
2219
192
581
972
1359
1718
2089
2110
2115
2121
2102
2115
2121
2110
2115
2136
2158
2164
2168
2166
1522
1528
1549
1858
1863
1869
1873
1878
1867
2115
2135
2123
2133
2133
2155
2160
2152
2140
2160
2164
2169
2176
2179
2187
2174
2178
2200
2205
2210
2212
2219
2222
2216
2202
2224
2230
202
594
982
1368
1727
2117
2138
2127
2131
2138
2158
2162
2152
2142
2162
2167
2189
2194
2182
1532
1537
1574
1867
1873
1876
1882
1885
1876
2121
2139
2148
2136
2141
1522
2168
2158
2145
2163
2184
2166
2172
2176
2176
2164
2170
2190
2194
2193
2202
2204
2208
2196
2183
2199
2208
195
569
956
1343
1698
2086
2107
2094
2101
2102
2107
2110
2098
2102
2122
1486
1588
1990
1998
1983
1988
2007
2011
2012
2020
2024
2030
2017
2070
2090
2094
2082
2083
2107
2112
2101
2105
2109
2129
2134
2122
2128
2127
2120
2125
2146
2149
2154
2158
2161
2167
2157
2161
2165
2174
144
534
920
1308
1665
2053
2072
2078
2066
2071
2091
2096
2044
2697
2061
2068
2070
2091
2096
2086
2073
2093
2100
2102
2107
2114
2116
2105
2110
2132
2135
2142
2145
2149
2154
2143
2132
2153
2157
147
519
908
1298
1653
2041
2062
2066
2071
2076
2081
2086
2074
2063
2083
2092
2097
2102
2106
2114
2090
2110
2131
2121
2127
2133
2139
1665
2055
2076
2081
2071
2077
2082
2104
2093
2099
2104
2122
2133
2121
2128
2131
2122
2127
2148
2153
2158
2164
2169
2174
2163
2169
2175
2195
173
559
933
1338
1694
2067
2088
2093
2097
2103
2125
2132
2103
2108
2129
2135
2140
2145
2149
2139
2146
2150
2154
2159
2164
2168
2174
2180
2168
1553
1537
1543
1580
1986
1974
1979
1989
1989
2010
2015
2004
2009
2014
2003
2072
2093
2100
2103
2110
2113
2121
2107
2112
2134
2138
2143
2147
2137
2141
2132
2152
2173
2178
2169
2172
2177
2180
2156
2176
2197
2202
176
565
954
1341
1699
2088
2108
2116
2103
2107
2128
2133
2074
2110
2101
2105
2108
2110
2118
2105
2107
2127
2131
2135
2123
2119
2131
2119
2123
1822
2466
2470
2474
2478
292
664
1036
1440
1827
1810
1820
1185
1831
1817
2061
2065
2070
2074
2078
2098
2103
2075
2079
2099
2109
2109
2113
2117
2121
2112
2099
2134
1499
1503
1500
1513
1661
2049
2071
2058
2063
2067
2088
2092
2081
2086
2106
2110
2115
2118
2124
2113
2103
2122
2142
2147
2136
2140
2145
2145
2139
2143
2163
2167
127
515
902
1290
1647
2023
2056
2044
2049
2052
2059
2063
2051
2055
2061
2081
2087
2090
2078
2084
2071
1467
1792
1797
1785
1790
1795
1783
1404
2049
2053
2042
2063
2067
2072
2061
2069
2086
2090
2096
2084
2089
2094
2081
2086
2107
2108
2117
2121
2126
2131
2121
2126
2133
2154
113
503
255
1283
1639
2029
2051
2057
2047
2052
2058
2064
2054
2058
2081
2083
2092
2098
2087
2093
1442
1480
1805
1810
1801
1804
1810
1800
2045
2066
2071
2077
2082
2087
2093
2083
2089
2108
2129
2119
2124
2129
2135
2124
2130
2150
2138
2144
2149
2154
2160
2149
2154
2175
2174
155
516
920
1305
1678
2051
2072
2077
2066
2071
2092
2081
2071
2075
2097
2103
2110
2112
2117
2106
2095
1492
2138
1500
1492
1494
1515
1667
2055
2075
2081
2083
2088
2097
2102
2090
2095
2116
2113
2126
2128
2133
2140
2131
2134
2155
2160
2163
2171
2176
2177
2169
2158
2179
2185
159
548
920
1325
1682
2054
2075
2079
2085
2090
2095
2100
2089
2094
2099
2122
2126
2114
2121
2126
2116
2121
2143
2148
1513
1498
1507
1673
2057
2083
2090
2088
2098
2104
2106
2098
2103
2125
2130
2135
2141
2146
2151
2142
2147
2167
2171
2176
2181
2186
2193
2068
2713
2735
2739
170
559
948
1332
1696
2083
2104
2109
1475
2115
2122
2129
2118
2108
2128
2133
2138
2139
2148
2153
2143
2148
2169
1534
1539
1544
1549
1698
2070
2091
2096
2101
2106
2111
2116
2103
2094
2115
2120
2125
2130
2135
2141
2131
2153
2171
2173
2165
2170
2175
2180
2170
2173
2194
2201
174
562
951
1340
1699
2085
2106
2111
2100
2122
2127
2131
2120
2125
2130
2150
2140
2148
2149
2155
2144
1525
1834
1854
1844
1850
1853
1845
2088
2108
2114
2103
2121
2126
2129
2121
2121
2125
2144
2148
2136
2156
2160
2151
2155
2172
2177
2181
2185
1549
2193
2165
2170
2190
2192
152
542
927
1315
1674
2059
2079
2084
2072
2076
2081
2085
2074
2078
2098
2103
2107
1951
2596
1944
1949
1969
1974
1979
1967
1972
1992
1984
2049
2071
2074
2081
2068
2072
2077
2067
2069
2087
2096
2099
2088
2110
2112
2102
2107
2128
2131
2136
2124
2129
2151
2122
2129
2143
2152
125
514
902
1292
1647
2036
2056
2061
2065
2054
2075
2063
2054
2057
2080
1442
2087
1931
1936
1927
1929
1945
1954
1959
1964
1969
1973
1979
2030
2050
2055
2059
2066
2069
2073
2063
2067
2089
2092
2097
2101
2106
2111
2101
2122
2141
2132
2134
2141
2141
2150
2142
2145
2153
2173
133
521
894
1300
1656
2045
2051
2057
2062
2068
2075
2079
2070
2057
2079
1459
1545
1934
1956
1929
1933
1971
1978
1981
1986
1995
1997
1986
2029
2061
2068
2071
2076
2098
2102
2080
2081
2102
2107
2112
2117
2127
2111
2116
2137
2158
2147
2152
2157
2165
2166
2157
2162
2185
2188
146
534
907
1312
1685
2057
2062
2067
2075
2077
2082
2087
2079
2065
2086
1451
2096
1957
1961
1935
1955
1976
1981
1987
1990
1995
2001
1992
2060
2064
2069
2073
2078
2099
2104
2080
2082
2104
2107
2112
2116
2121
2126
2116
2137
2158
2163
2169
2172
2177
2183
2171
2161
2182
2186
145
533
922
1311
1669
2056
2077
2084
2087
2078
2097
2101
2074
2083
2102
1471
1569
1958
1964
1940
1960
1981
1986
1992
1997
2002
2008
2000
2067
2088
2079
2085
2088
2110
2115
2106
2086
2115
2121
2126
2131
2137
2141
2129
2136
2173
2177
2168
2173
2194
2183
2165
2177
2199
2204
179
551
940
1330
1686
2075
2096
2102
2106
2111
2116
2122
2111
2099
2121
2126
2131
1975
1998
1974
1975
1997
2001
2007
2013
2019
2024
2011
2080
2096
2108
2094
2100
2121
2126
2117
2121
2125
2145
2135
2139
2143
2150
2139
2143
2180
2185
2190
2179
2199
2205
2180
2185
2204
2208
183
571
944
1349
1708
2080
2099
2104
2110
2114
2120
2124
2115
2120
2110
2144
2147
1993
1998
1989
1992
1997
2002
2023
2028
2020
2022
2028
2080
2118
2104
2108
2113
2131
2135
2122
2113
2129
2150
2138
2141
2146
2149
2137
2141
2158
2165
2188
2174
2177
2181
2170
2173
2193
2196
155
544
932
1318
1676
2062
2082
2073
2075
2079
2099
2104
2045
2688
2070
2072
2077
2081
2084
2075
2080
2082
2102
2107
2095
2100
2099
2093
2113
2134
2121
2128
2131
2136
2140
2129
2134
2138
2159
133
521
910
1298
1655
2044
2048
2052
2057
2077
2082
2078
2067
2079
2100
2107
2109
2114
2104
2108
2096
2119
2136
2141
2130
2134
2139
1651
2038
2058
2046
2050
2056
2076
2083
2070
2046
2081
2085
2089
2093
2097
2102
2093
2098
2116
2120
2128
2131
2134
2139
2124
2117
2137
2142
116
506
892
1280
1638
2027
2047
2052
2056
2062
2068
2074
2066
2070
2092
2100
2107
2111
2101
2104
2097
2100
2137
2144
2132
2138
2144
1653
2045
2045
2070
2059
2065
2086
2092
2081
2076
2091
2113
2103
2108
2115
2119
2109
2113
2135
2140
2145
2150
2155
2161
2149
2155
2160
2165
158
530
918
1323
1679
2052
2072
2078
2085
2089
2109
2115
2106
2109
2133
2137
2141
2133
2135
2141
2132
2134
2156
2161
2167
2156
2175
2183
2057
2706
2083
2089
2077
2098
2087
2079
2082
2102
2107
2112
2117
2124
2109
2116
2121
2143
2147
2152
2140
2146
2168
2140
2145
2166
2171
162
546
938
1327
1683
2072
2093
2082
2087
2108
2113
2118
2110
2111
2132
2137
2142
2148
2130
2142
2131
2152
2173
2178
2162
2172
2173
2182
2075
2721
2101
2090
2096
2116
2124
2111
2112
2121
2142
2131
2134
2141
2147
2136
2141
2162
2167
2172
2177
2180
2184
2176
2178
2187
2204
167
555
944
1334
1689
2078
2099
2088
2092
2099
2120
2117
2103
2117
2141
2146
2151
2156
2161
2151
2140
2147
2166
2172
2176
2178
2186
1695
2084
2104
2109
2102
2103
2105
2113
2104
2107
2128
2133
2132
2143
2132
2137
2127
2152
2169
2173
2159
2167
2172
2169
2161
2170
2192
2196
172
560
948
1338
1691
2083
2100
2108
2098
2102
2124
2128
2118
2108
2125
2134
2139
2143
2151
2153
2145
2148
2168
2157
2151
2167
2173
2178
2088
2108
2110
2098
2107
2108
2117
2106
2102
2132
2133
2142
2142
2138
2141
2132
2150
2156
2171
2158
2165
2170
2174
2162
2165
2186
2190
165
551
939
1326
1682
2067
2087
2078
2082
2087
2088
2111
2100
2103
2120
2128
2132
2136
2141
2125
2133
2137
2158
2162
2150
1511
1535
1668
2055
2072
2077
2069
2089
2093
2098
2086
2087
2092
2115
2120
2104
2114
2118
2106
2112
2148
2136
2139
2145
2150
2154
2146
2148
2151
1533
148
517
907
1292
1653
2040
2077
2082
2087
2076
2088
2101
2089
2098
2114
2119
2127
2131
2116
2118
2111
2135
1787
2441
1791
1798
1802
1792
2036
2052
2058
2062
2066
2075
2080
2068
2074
2078
2099
2099
2092
2093
2102
2090
2115
2132
2117
2125
2129
2131
2136
2129
2133
2138
2160
134
502
894
1299
1655
2028
2049
2053
2054
2072
2071
2067
2058
2071
2092
2097
2103
2108
2114
2120
2110
2115
1800
2442
1812
1817
1819
1795
2040
2063
2067
2072
2077
2082
2087
2077
2083
2104
2108
2114
2119
2109
2113
2104
2119
2145
2134
2138
2143
2148
2154
2143
2138
2169
2173
150
538
907
1312
1672
2060
2081
2070
2075
2081
2085
2090
2082
2085
2104
2108
2114
2120
2126
2128
2120
2127
2146
2151
1516
1518
1526
1675
2064
2069
2074
2079
2084
2089
2094
2083
2088
2109
2114
2115
2124
2112
2117
2107
2127
2141
2150
2141
2148
2152
2157
2146
2152
2172
2178
151
540
928
1313
1674
2064
2082
2069
2077
2080
2087
2092
2081
2085
2107
2112
151
535
927
1316
1673
2061
2082
1443
1452
1457
1463
1680
2066
2087
2077
2083
2089
2110
2116
2105
2095
2116
2122
2127
2133
2139
2144
2134
2141
2156
2165
2170
2172
2178
2182
2178
2161
2186
2192
166
552
944
1333
1691
2085
2102
2090
2095
2102
2105
2111
2100
2105
2128
2147
2153
2158
2147
2152
2142
2163
2185
2189
1539
1545
1548
1702
2088
2104
2113
2102
2108
2129
2134
2123
2112
2134
2154
2144
2149
2156
2159
2150
2152
2174
2180
2184
2190
2194
2196
2192
2177
2198
2208
180
567
956
1341
1702
2090
2111
2100
2105
2110
2114
2136
2124
2131
2152
2156
2156
2166
2171
2176
2168
2170
1855
1844
1849
1854
1859
1850
2093
2110
2103
2104
2114
2134
2139
2128
2117
2134
2141
2145
2153
2159
2163
2156
2158
2176
2180
2186
2187
2186
2195
2183
2169
2189
2191
167
555
942
1330
1686
2073
2093
2078
2085
2089
2093
2097
2086
2090
2094
2114
2118
2115
2125
1475
2121
1501
1824
1812
1816
1821
1825
1818
2058
2078
2082
2071
2075
2098
2082
2089
2077
2090
2100
2107
2110
2116
2120
2113
2113
2134
2138
2143
2147
2152
2157
2145
2133
2153
2158
133
521
909
1295
1654
2046
2063
2068
2072
2077
2082
2086
2075
2076
2098
1458
2111
1955
2599
1952
1953
1954
1970
1983
1971
1976
1996
1986
2038
2055
2049
2052
2058
2077
2062
2076
2062
2080
2085
2092
2095
2100
2104
2094
2097
2115
2124
2129
2116
2140
2143
2132
2121
2141
2141
121
507
893
1285
1642
2030
2050
2057
2060
2051
2072
2078
2051
2057
2079
2085
2091
1936
2583
1935
1937
1958
1964
1969
1975
1982
1986
1979
2045
2067
2056
2062
2067
2070
2077
2069
2072
2092
2099
2105
2109
2094
2104
2097
2101
2119
