785
786
772
776
767
739
725
712
698
685
674
677
663
637
626
615
602
591
579
584
572
546
1173
1163
1149
1136
1137
1126
1098
1085
1072
1061
1050
1042
1043
1033
1006
996
982
972
959
947
1591
942
912
902
889
878
872
856
1498
847
818
808
795
784
773
759
764
755
725
716
703
689
676
663
671
652
627
614
601
588
575
564
566
1181
531
1158
1146
1135
1127
1124
1112
1084
1071
1059
1046
1035
1022
1023
1012
986
971
958
950
934
923
927
916
890
879
865
852
844
828
832
823
796
784
774
757
748
738
739
726
705
686
674
661
650
639
644
631
603
595
581
570
559
543
547
1163
510
1140
1131
1116
1102
1105
1092
1064
1053
1043
1031
1018
1008
1010
1000
971
960
949
936
924
912
917
906
880
867
854
846
830
820
821
809
789
770
757
746
740
719
723
710
682
670
657
644
633
622
624
613
585
572
561
553
537
527
529
1141
488
1115
1104
1091
1079
1083
1070
1040
1667
1016
1006
991
977
983
973
941
938
917
904
893
883
886
876
849
835
824
812
799
786
795
780
756
742
730
717
704
692
696
683
662
645
1272
620
595
596
597
585
558
544
531
521
507
1152
1137
1109
1096
1095
1072
1059
1045
1051
1038
1012
999
989
976
963
952
956
943
917
905
892
881
866
855
863
847
819
806
793
780
767
754
757
746
718
706
695
683
668
656
657
651
619
606
593
582
569
556
561
1173
1160
1151
1138
1126
1112
1117
1106
1074
1062
1051
1037
1024
1012
1016
1004
978
966
953
940
929
916
921
907
881
869
856
844
834
823
825
813
786
773
762
749
737
724
726
713
688
677
666
655
644
632
636
625
598
1227
576
1206
1193
1195
1184
1157
1144
1133
1124
1111
1100
1102
1093
1064
1055
1041
1028
1015
1004
1006
993
965
951
938
925
914
903
906
895
869
857
846
833
822
812
816
803
776
764
754
741
731
720
724
713
687
677
674
651
637
629
631
618
592
579
567
555
543
530
1177
1150
1136
1123
1111
1098
1084
1088
1079
1052
1043
1028
1016
1007
994
997
986
957
945
933
919
907
894
898
886
860
849
838
839
813
799
802
791
763
752
740
728
714
701
707
692
665
651
641
628
617
609
612
600
577
562
549
533
523
508
1151
1122
1113
1100
1087
1076
1065
1069
1059
1031
1018
1005
998
985
972
974
963
936
925
1555
904
893
881
886
874
847
836
825
814
804
791
794
781
753
741
731
719
706
693
694
682
653
643
632
619
606
596
599
588
560
549
537
524
1153
1157
1147
1118
1106
1095
1082
1069
1059
1060
1049
1021
1011
997
988
976
963
967
955
927
916
903
892
879
873
876
858
832
821
810
800
788
775
780
766
738
728
715
702
692
681
686
674
649
637
626
618
607
592
596
583
557
547
532
521
511
499
1144
1116
1104
1093
1083
1071
1060
1065
1055
1028
1016
1004
993
982
972
977
963
935
924
912
902
888
876
880
869
843
830
819
802
790
777
782
768
740
727
714
703
688
678
680
667
641
626
614
602
589
577
580
1196
543
532
519
1146
495
1139
1128
1101
1088
1075
1064
1054
1041
1045
1032
1006
993
980
971
958
948
953
940
914
901
890
877
865
854
856
843
815
802
789
776
766
764
760
748
723
712
701
689
675
664
668
658
630
617
606
604
583
572
576
566
537
526
516
504
498
1132
1121
1098
1084
1070
1058
1047
1036
1040
1031
1004
991
978
966
956
946
946
934
906
893
883
872
861
847
850
838
811
800
789
780
765
755
757
747
718
708
698
684
662
661
661
650
622
612
598
585
574
562
567
554
527
515
502
490
478
1122
1111
1085
1073
1060
1049
1038
1026
1029
1018
992
978
967
957
1585
934
936
926
898
885
875
861
849
842
846
827
799
787
777
761
750
737
741
731
709
693
680
669
656
645
650
637
611
601
588
577
566
555
557
546
519
1146
1134
1124
1112
1115
1104
1078
1065
1056
1041
1032
1020
1025
1012
986
975
963
954
938
927
929
918
890
879
868
856
843
835
832
821
792
780
768
758
745
734
739
726
700
687
676
665
653
643
645
634
608
596
586
572
561
551
1200
542
1154
1137
1128
1117
1104
1106
1094
1066
1053
1042
1029
1017
1005
1010
997
971
959
947
936
922
911
915
901
876
862
851
839
826
812
814
804
776
763
751
740
729
716
720
709
681
669
655
646
635
619
624
613
587
577
566
553
540
1182
1172
1144
1131
1121
1110
1099
1088
1090
1078
1049
1043
1028
1015
1003
990
992
980
953
943
930
918
906
892
895
883
854
842
829
819
808
796
797
785
757
744
732
722
709
696
701
686
660
649
639
629
617
606
608
598
571
561
548
537
525
514
516
1128
1117
1105
1094
1082
1069
1071
1060
1032
1021
1012
999
988
976
981
968
940
928
917
906
895
884
889
876
850
840
826
814
801
789
793
783
757
744
733
721
709
696
697
685
656
643
633
620
607
596
600
588
560
550
537
524
513
500
1143
1115
1104
1093
1080
1070
1054
1055
1041
1014
1002
991
978
968
945
951
939
1553
900
888
879
865
853
856
845
819
808
801
785
1414
763
765
755
729
718
705
694
682
669
671
661
632
618
607
596
584
571
575
564
538
1166
1153
1148
1130
1132
1121
1093
1079
1068
1058
1047
1034
1037
1024
996
983
970
960
950
936
941
931
902
890
877
865
854
844
846
832
806
793
783
771
760
750
752
753
710
697
685
674
663
652
656
646
620
609
598
588
575
562
565
1177
1167
1157
1144
1131
1118
1123
1735
1084
1076
1063
1051
1040
1028
1030
1019
993
981
968
957
944
932
937
926
898
892
877
864
850
838
842
832
805
795
783
770
1398
748
751
741
702
700
688
674
662
649
653
642
616
606
591
579
567
554
1197
1171
1159
1149
1136
1126
1113
1117
1104
1077
1065
1055
1044
1031
1019
1023
1012
987
973
962
952
941
930
935
921
896
885
875
862
849
838
842
831
803
800
782
783
756
746
748
736
707
696
685
673
660
649
651
641
613
600
587
577
564
553
557
1171
522
1151
1136
1127
1114
1117
1105
1080
1066
1058
1047
1034
1021
1026
1009
984
979
960
949
937
923
927
915
888
877
869
855
844
835
834
824
796
783
771
758
746
737
741
731
705
695
681
670
660
649
653
643
617
604
591
584
571
560
564
552
524
513
1140
1132
1119
1121
1114
1082
1071
1061
1045
1034
1025
1026
1016
988
975
965
954
940
929
932
922
896
882
871
860
849
838
1482
830
802
789
776
766
755
747
746
736
708
695
1324
674
659
646
649
636
609
596
585
574
561
548
552
540
512
1139
1126
1115
1103
1108
1098
1053
1040
1028
1015
1004
991
996
983
955
942
931
920
909
897
902
888
862
850
839
828
816
803
807
794
766
756
743
732
720
707
710
699
673
660
649
639
628
617
621
608
580
567
556
543
533
520
522
1136
1124
1114
1099
1076
1076
1076
1067
1041
1028
1018
1009
995
985
989
979
953
943
930
919
909
896
899
889
861
849
836
823
1450
800
802
789
762
749
738
720
711
701
704
690
664
653
642
632
619
610
614
602
576
563
551
1178
525
1167
1156
1132
1118
1108
1095
1082
1072
1076
1065
1037
1025
1014
1001
990
977
982
971
950
932
922
926
900
889
894
879
853
842
831
820
810
799
802
791
766
753
742
729
720
706
708
697
672
659
648
637
627
614
616
604
578
1207
557
1179
1167
1172
1161
1138
1119
1107
1096
1085
1075
1076
1065
1037
1025
1013
1002
991
980
984
973
946
933
923
910
899
887
889
878
851
838
826
813
803
788
792
780
752
739
729
715
705
695
697
687
659
648
635
623
610
599
603
590
565
1192
1179
1166
1156
1160
1148
1123
1112
1101
1089
1076
1065
1069
1069
1030
1018
1005
992
980
967
969
958
932
920
907
894
883
872
875
862
836
823
812
799
789
776
781
768
742
731
720
709
695
685
686
675
648
635
623
610
597
584
587
576
548
1175
522
1149
1138
1142
1130
1102
1091
1080
1070
1059
1048
1052
1041
1015
1003
992
981
971
960
964
951
926
913
901
888
878
864
869
856
828
817
804
794
780
770
772
759
732
719
708
697
685
674
677
664
638
626
615
604
591
579
583
573
544
1173
1163
1152
1142
1144
1131
1103
1091
1078
1065
1053
1040
1042
1029
1001
986
975
964
953
941
943
940
901
890
877
864
852
840
845
833
804
794
783
772
759
746
760
741
713
702
690
677
667
656
661
648
620
607
597
584
574
561
562
552
524
511
499
1125
1115
1117
1109
1081
1070
1057
1041
1031
1019
1022
1011
986
971
960
947
936
921
924
913
888
875
862
851
839
826
831
817
790
779
769
758
747
736
741
728
701
691
678
668
656
643
647
634
606
596
585
574
564
553
556
543
528
504
493
1120
1109
1111
1100
1074
1062
1051
1040
1030
1017
1020
1009
983
972
961
950
940
929
933
920
894
881
870
858
847
837
841
826
797
787
774
763
751
740
744
734
708
695
684
671
658
646
650
637
609
596
586
573
563
552
1193
543
1157
1145
1135
1123
1112
1117
1104
1076
1064
1051
1040
1030
1018
1023
1012
987
974
961
949
937
927
929
918
893
880
867
856
844
834
836
824
795
785
774
762
749
746
752
730
702
690
677
666
653
643
646
635
607
597
584
573
562
1205
1194
1165
1154
1140
1127
1117
1104
1109
1111
1070
1058
1045
1033
1022
1010
1014
1003
975
963
952
937
924
913
920
907
877
866
854
841
828
817
822
809
783
773
762
751
738
727
732
720
693
681
667
655
639
630
633
621
597
587
576
566
555
1198
1186
1178
1147
1131
1126
1113
1102
1106
1105
1066
1055
1045
1033
1021
1008
1012
1002
976
963
951
940
927
916
920
908
882
869
858
848
837
824
824
814
788
777
767
756
748
734
737
727
696
686
673
660
647
634
639
625
598
587
574
564
550
538
1182
531
1143
1133
1122
1109
1096
1098
1087
1062
1050
1039
1025
1016
1006
1008
995
969
956
944
931
921
908
910
897
871
860
849
838
825
812
814
804
778
765
754
742
731
718
721
710
684
671
659
646
633
620
624
612
587
576
567
554
544
529
1173
520
1133
1121
1107
1094
1081
1086
1079
1049
1035
1024
1015
1002
991
997
983
955
944
932
921
908
898
898
887
858
852
837
821
809
798
801
794
766
755
747
731
718
716
720
700
667
657
644
633
622
607
613
597
572
560
546
538
522
1166
1157
1126
1113
1101
1090
1080
1066
1068
1060
1032
1023
1018
1000
988
978
980
971
944
931
921
907
895
892
897
877
850
837
828
814
803
790
795
779
754
738
725
715
704
691
695
685
659
644
633
620
609
601
601
590
568
552
549
526
513
499
1144
1113
1106
1092
1079
1070
1057
1061
1060
1024
1014
1002
995
979
967
971
959
945
922
912
896
882
870
874
862
837
825
812
799
788
780
782
772
742
729
715
705
694
679
683
673
649
637
622
614
601
591
590
580
553
541
527
1162
1148
1149
1140
1118
1106
1092
1082
1068
1059
1062
1055
1028
1012
1003
992
981
968
973
960
931
920
910
895
885
870
871
862
835
1463
812
801
789
776
777
768
737
726
714
701
696
678
680
666
643
631
619
609
599
588
588
574
1198
539
1169
1156
1144
1147
1137
1110
1096
1083
1071
1055
1045
1047
1035
1009
996
984
971
959
947
947
936
908
899
885
876
866
855
857
845
820
807
798
788
773
764
765
753
730
716
710
696
682
680
685
663
636
625
614
601
589
580
581
569
1185
535
1161
1148
1138
1142
1127
1099
1088
1078
1064
1054
1038
1040
1029
1006
995
983
970
955
946
951
941
912
901
890
878
862
850
853
854
814
806
790
780
771
759
759
746
718
707
696
687
672
664
664
655
627
616
604
591
578
570
574
560
533
520
1150
1137
1127
1127
1115
1087
1074
1063
1051
1037
1026
1031
1022
995
982
972
957
946
937
939
929
902
891
881
864
852
840
842
831
801
792
780
769
756
746
750
735
709
696
682
671
659
646
648
638
609
600
590
581
566
556
557
544
517
1149
1136
1121
1111
1113
1103
1076
1064
1053
1040
1024
1014
1019
1007
978
971
960
946
935
920
923
912
890
877
865
856
843
829
832
823
795
785
774
761
749
739
740
729
705
692
677
668
655
646
649
637
609
595
585
572
559
548
551
539
509
499
1126
1118
1106
1104
1093
1069
1053
1041
1032
1020
1007
1013
1001
976
962
951
941
926
913
920
905
879
868
855
841
831
821
820
812
780
771
762
752
741
731
732
721
692
680
667
651
641
629
633
619
591
580
570
554
542
527
533
522
1136
1126
1113
1101
1089
1092
1083
1059
1045
1034
1019
1007
993
998
986
960
947
937
923
911
900
902
891
865
853
837
829
818
805
807
797
769
760
748
737
725
714
718
709
683
670
658
644
634
623
627
615
588
575
562
561
542
1183
532
1142
1135
1124
1110
1098
1088
1087
1079
1051
1038
1027
1017
1003
1011
996
981
964
946
935
922
911
901
902
894
869
857
847
836
821
813
814
800
774
762
751
739
729
718
718
703
680
669
656
646
634
621
623
613
585
1222
563
1192
539
1182
1169
1145
1140
1123
1112
1100
1089
1094
1080
1054
1042
1031
1019
1008
1016
998
990
964
954
941
928
911
901
904
894
867
849
841
830
817
806
811
797
771
761
744
734
723
709
710
701
673
662
652
641
628
618
623
610
587
572
560
1190
538
1177
1167
1141
1128
1116
1103
1092
1081
1082
1073
1046
1032
1019
1006
998
971
973
960
933
921
912
900
892
879
879
871
843
