1848
1122
1768
1760
1742
1141
336
380
1014
991
1013
1618
1609
1620
1020
199
207
844
850
1467
1461
1474
2104
2113
2118
1525
738
745
1378
1391
1385
2031
2028
1427
581
582
1216
1229
1220
1871
1866
1873
1258
436
450
1084
1089
1086
1735
1742
1148
322
333
966
978
968
1617
1611
1607
1027
202
210
844
853
843
1465
1474
2112
2117
2111
1529
743
753
1374
1392
1387
2021
2030
2023
1443
587
1224
1230
1225
1860
1867
1860
1263
436
463
1084
1078
1087
1741
1746
1148
326
339
969
967
973
1607
1616
1628
1016
206
216
851
859
1477
1475
1464
2114
2123
2133
1568
745
739
1388
1386
1396
2025
2036
2033
1432
597
1227
1220
1218
1883
1874
1868
1274
451
457
1091
1085
1093
1745
1751
1155
337
331
976
974
981
1615
1623
1620
1019
212
226
856
851
1484
1480
1475
2125
2113
2124
1542
754
746
1399
1388
1385
2032
2017
2039
1438
603
1235
1226
1239
1870
1879
1870
1279
454
467
1098
1090
1103
1749
1760
1163
340
337
983
976
986
1619
1597
1627
1025
223
217
862
854
900
1483
1476
2130
2120
2113
1535
757
753
1406
1399
1389
2037
2031
2040
1445
591
1243
593
1242
1876
1233
1880
1285
463
452
1106
1097
1105
1755
1761
1758
1152
343
974
981
991
1628
1634
1628
1031
225
217
867
866
854
1476
1481
2118
2132
2122
1537
746
756
1390
759
1393
2024
2036
2030
1432
595
1244
1239
1231
1880
1872
1897
1282
459
457
1086
1094
1106
1752
1744
1737
1159
336
969
974
983
1616
1609
1618
1020
213
209
839
852
841
1458
1468
2100
2109
2106
1504
729
742
1371
1376
1374
727
2094
1467
833
1592
961
316
1722
1068
1859
1216
566
2015
727
2095
1465
833
187
946
315
1729
1068
421
1213
568
2018
1372
721
1449
835
187
1589
956
1718
1070
429
1839
1200
2000
1354
743
2095
821
176
1592
942
309
1059
428
1842
1194
565
1358
709
2077
1450
816
1575
944
297
1714
1071
1843
1196
552
1999
712
2083
1452
817
171
930
300
1716
1057
410
1200
572
1984
1353
707
1436
805
177
1589
943
1703
1040
410
1846
1197
1991
1342
710
2082
811
178
1595
930
300
1060
418
1830
1199
552
1349
698
2083
1435
809
1582
950
304
1704
1045
1833
1187
557
1990
1341
2074
1441
808
178
938
291
1724
1049
419
1190
548
1992
1345
702
1427
814
167
1566
936
1700
1050
403
1820
1188
1981
1350
705
2071
1441
170
1574
925
294
1042
428
1841
1180
550
1342
712
2084
1435
820
1581
935
305
1705
1044
1835
1191
560
1991
1365
2079
1448
814
169
1584
299
1718
1056
406
1202
552
2001
1355
724
1452
822
175
1573
934
1723
1060
418
1846
1204
1997
1366
732
2084
1454
184
1584
939
312
1728
422
1838
1211
562
2010
724
2080
1445
815
184
945
318
1717
1052
1847
1198
570
2000
1354
2082
1456
825
191
1593
304
1721
1078
428
1846
574
2009
1361
729
2098
828
181
1597
947
322
1069
422
1851
1204
2012
1366
724
2088
1458
189
1588
958
311
1727
425
1840
1211
564
2015
726
2078
1452
833
190
950
318
437
1213
1368
1470
1590
320
428
561
728
833
1593
1730
1849
2003
732
835
956
1065
1215
2021
2094
198
3407
1514
1199
1367
1461
186
305
425
561
1374
1446
1594
1714
1851
568
732
836
957
1734
1853
2007
2094
185
944
1063
1217
1372
1456
186
307
430
1219
1371
1463
1596
1732
433
569
717
838
1597
1717
1856
2004
717
820
957
1063
1191
2002
2090
179
302
1062
1196
1346
1450
179
299
407
557
705
1433
1570
1708
1824
553
706
809
945
1706
1827
1995
2084
172
931
1053
1187
1353
2081
173
291
414
1185
1337
1425
1577
1714
411
546
702
805
1565
1702
1822
1990
703
804
927
1047
1180
1971
2059
150
288
1049
1184
1336
1424
149
285
389
541
694
1426
1559
1694
1814
544
696
803
923
1043
1816
1968
2059
162
922
1041
1181
1329
2061
164
283
403
1181
1331
1420
1559
1691
390
529
697
797
1557
1697
1813
1969
695
785
923
1028
1177
1967
2055
147
282
1045
1161
1330
1417
1553
266
392
524
686
1406
1555
1696
1816
524
693
798
921
1021
1815
1967
2054
143
278
1026
1159
1327
2039
146
264
388
520
1330
1417
1553
1674
387
526
676
779
1557
1676
1816
1967
2056
782
918
1017
1157
1969
2041
143
267
1024
1161
1334
1423
1557
273
395
527
681
1412
1546
1684
1820
532
689
793
929
1034
1807
695
160
3367
529
3721
1571
397
3616
1417
273
3480
1329
154
3362
1177
3731
1564
1045
3623
1424
921
3487
1339
802
3367
1188
697
3279
1036
545
3094
944
393
2974
807
284
2854
704
153
2683
527
3725
918
399
3621
802
295
3501
697
176
3364
543
3738
1583
391
3628
1429
287
3492
1340
165
3370
1188
3726
1573
1035
3633
1422
932
3497
1347
797
293
2872
705
3271
1040
537
3095
936
402
3625
817
298
2862
711
163
3366
555
3733
1554
406
3628
1434
302
3508
1341
166
3373
1192
3742
1572
1037
3634
1435
931
3497
1346
798
3376
1178
708
3274
1041
555
3103
937
404
2982
803
282
2845
711
158
2712
542
3731
925
408
3627
803
284
3490
699
166
3369
546
3736
1585
410
3632
1422
293
3500
1348
173
3381
1198
3752
1583
1051
3630
1437
945
3511
1364
826
3377
1195
740
3290
1064
556
3107
957
422
3004
822
302
2885
723
183
2733
569
3761
948
3517
1367
832
312
3519
729
192
3402
560
3751
1600
429
3648
1453
322
3531
1361
202
3392
1213
3760
1593
1078
3657
1458
955
3539
1371
836
3401
1215
719
3313
1069
579
3129
963
431
3012
841
328
2891
741
206
2758
572
3762
972
452
3659
839
336
3538
734
3317
1866
3776
331
2260
842
2750
1384
3308
457
2379
980
2890
1458
3401
2016
202
2115
744
3312
1865
3771
325
2269
850
2765
1377
3320
453
2389
974
2899
1468
3410
2027
206
2100
1378
3321
1870
3780
334
2261
844
2754
1386
3312
442
2384
968
2897
1478
3404
2020
220
2114
1386
3312
1866
3791
328
2270
858
2768
1396
3322
455
2394
977
2904
1476
3415
2030
216
2124
743
3310
1875
3785
339
2264
848
2775
1390
3316
449
2404
973
2898
1486
3425
2027
221
2118
1387
3317
1868
3799
348
2277
859
2768
1400
3330
458
2401
982
2911
1478
3422
2034
218
2135
1392
3327
1879
3789
342
2271
853
2763
1397
220
2130
762
2687
1240
3150
1750
3672
215
2140
1396
3322
1876
3786
332
2257
852
2746
1371
3313
429
2376
958
2883
1449
3387
2003
184
2095
1361
3286
1837
3744
296
2220
823
2712
1342
3270
395
2336
935
2859
1430
3368
1983
169
2075
690
3256
1807
3715
285
2211
792
2702
1334
3259
379
2320
927
2836
1405
3357
1962
145
2059
688
3252
1818
3727
264
2191
774
2686
1316
3239
387
2325
893
2834
1402
3343
1958
141
2055
666
3253
1789
3725
278
2205
151
1167
2473
3105
1418
2070
3356
1046
2348
2993
1356
2642
3290
1589
2229
179
1188
2467
3126
1442
2086
3379
1717
2364
310
1355
2658
3287
1584
2249
183
1207
2491
420
1450
2736
3383
1729
2372
316
1362
2669
3311
1599
2253
200
1851
2499
441
1459
2742
3388
1727
2377
323
1368
2653
567
1595
2898
182
1858
2500
429
1459
2749
3381
1719
3021
325
2011
2657
570
1604
2886
191
1862
2507
435
1469
2751
743
1726
3028
318
2021
2665
578
1604
2894
211
1863
2512
442
2110
2756
749
1730
3014
338
2039
2669
583
1611
2897
843
1872
3141
447
2119
2747
737
1754
3026
326
2030
3314
587
1871
2518
846
1860
3144
455
2122
2754
743
1743
3022
346
2017
3303
591
1876
2508
850
1868
3140
457
1473
2758
747
1746
3034
976
2017
3309
597
1881
2514
854
1869
3142
463
2117
2760
750
2038
2682
978
2020
3313
583
1870
2515
842
1867
3142
446
2116
3419
757
2040
2686
976
2028
3313
586
1872
2518
863
1876
3145
1094
2120
3422
757
2045
2685
970
2032
3317
592
1877
2522
850
2120
2770
1100
2128
2133
2137
2133
2150
2156
2159
2169
2144
2154
2176
2183
2185
2181
2182
2208
2196
2205
2224
2230
2216
2227
2232
2239
2234
2236
2256
234
611
1003
1404
1762
2139
1885
2548
1899
1908
1926
1932
2134
2142
2159
2150
2139
2162
2167
2175
2164
2155
2177
2183
2189
2195
2201
2207
2198
2208
2226
2216
2223
2228
2235
2240
2232
2221
2255
234
608
1014
1420
1762
2139
2158
2180
2186
2176
2182
2188
2194
2184
1566
1572
2218
2044
2071
2056
2053
2060
2078
2084
2090
2082
2087
2110
2151
2152
2160
2165
2171
2177
2183
2190
2163
2170
2193
2195
2206
2210
2203
2207
2208
2222
2224
2231
2237
2243
2249
2259
2229
2238
2273
250
622
1015
1418
1775
2149
2155
2177
1541
1545
1549
1777
2151
2158
2158
2163
2167
2176
2176
2184
2157
2159
2179
2184
2189
2193
2182
2191
2192
2198
2219
2207
2212
2217
2222
2227
2201
2206
2227
219
590
979
1384
1741
2118
2120
2126
2129
2135
2140
2145
2151
2124
1507
1512
1613
2019
2040
2030
2019
2028
2048
2054
2058
2063
2070
2076
1475
579
1729
1470
578
328
1467
1217
329
1454
1216
321
2089
1215
324
2108
1214
963
2090
1212
963
2105
1851
960
726
1851
960
725
1853
1600
732
1848
1598
724
445
1598
1365
428
1596
1361
443
189
1361
426
191
1362
1062
187
2015
1065
186
1998
1075
826
2013
1079
828
2013
1723
825
556
1729
823
573
1728
1467
573
1714
1468
575
309
1468
1218
310
1467
1219
328
2085
1219
328
2110
1221
969
2110
1861
971
2112
1863
975
737
1862
976
738
1862
1614
738
444
1617
741
442
1614
1380
445
207
1379
445
207
1376
1097
208
1380
1087
212
2017
1082
848
2009
1088
848
2037
1755
849
2022
1758
848
598
1739
1477
583
1738
1476
586
333
1464
582
333
1473
1240
332
2112
1238
337
2116
1241
972
2114
1238
971
2112
1878
976
2116
1874
972
754
1876
1611
755
1878
1615
756
456
1631
755
459
1628
1394
456
220
1409
455
225
1382
1095
204
2033
1878
349
864
1400
1881
335
227
755
1228
1762
215
766
1233
1098
1626
2127
597
1097
1630
2132
2040
461
994
857
2044
469
982
859
1411
1892
346
865
1411
1881
1769
226
760
1244
1763
231
2121
611
1109
1643
2145
611
1116
1644
1493
2053
476
994
1494
2057
1886
356
872
1406
1892
363
876
768
1253
1770
242
774
1259
1764
1652
2135
619
1120
1655
2137
607
469
999
1497
2048
473
1002
1506
1412
1897
365
881
1417
1900
1775
244
778
1261
1778
247
780
623
1125
1657
2142
611
1127
1644
1505
2052
475
1007
1511
2072
497
371
890
1420
1903
357
892
1431
1266
1784
256
785
1270
1770
240
2145
614
1113
1648
2144
609
1112
1004
1507
2051
473
1007
1503
1412
1898
347
879
1411
1891
351
240
774
1240
1775
226
760
1242
1100
1638
2120
601
1105
1633
2137
2042
462
997
1483
2042
467
340
871
1403
595
455
1752
988
863
2131
1397
1242
463
1744
984
857
2127
1391
1235
444
1754
992
851
2111
1402
1229
450
1748
987
862
2131
1395
1240
461
1742
1622
858
2123
1390
1235
458
1738
1613
211
2116
1386
1229
465
1748
1607
845
2132
1395
1223
463
1759
1618
856
2122
2049
1234
458
1749
1616
849
2116
2024
1228
452
1747
1625
863
2133
2039
1227
451
1748
1623
854
2112
2036
1241
462
338
1638
859
2131
2035
1240
464
338
1637
877
2128
2049
1238
462
350
1633
873
2141
2046
1252
475
350
1631
868
761
2046
1249
472
362
1627
864
776
2043
1263
465
357
1640
877
769
2052
1256
1101
354
1637
874
765
2049
1253
1101
353
1632
870
779
2046
1251
1112
361
1644
880
774
2058
1245
1109
357
1640
1501
771
2045
1256
1116
354
1636
1516
768
2048
1253
1116
350
996
998
1640
236
877
884
1493
2135
763
785
1413
2054
2071
607
1247
1891
1890
468
1112
1766
1749
346
984
345
1626
221
845
846
1471
2098
740
740
1381
2007
2009
571
1212
1857
1859
411
1063
1718
1720
298
940
942
1575
179
821
823
1437
2079
702
708
1347
1988
1990
542
1181
1822
1824
408
1050
1705
1690
289
929
914
1572
167
796
796
1427
2069
694
696
1338
1964
1968
530
1173
1815
1817
401
1044
1682
1684
281
906
910
1552
150
791
796
1406
2044
672
676
1318
1960
1963
512
1152
1797
1802
382
1024
1679
1681
263
908
907
1554
130
771
773
1401
2047
670
673
1318
1943
1946
508
1154
1794
1796
364
1018
1662
1663
243
886
889
1533
127
770
775
1387
2025
651
655
1299
1941
1944
491
1133
1776
1780
362
2264
1146
1124
499
2385
1301
661
2538
2028
1371
750
114
2005
885
871
226
2122
993
358
2273
1789
1162
532
2443
1353
1342
712
2594
1467
832
199
202
2100
987
356
2246
1105
1111
475
2367
1250
617
2510
2051
1414
780
2659
1512
892
894
262
2134
1018
383
2278
1798
1151
499
2421
1286
1294
655
2548
1450
2685
2177
1543
1543
914
258
2158
1024
382
384
2270
1139
497
2386
1283
1268
629
2518
1415
777
2653
2143
1502
865
230
2118
998
1017
364
635
1540
899
328
329
2201
1040
385
2291
1175
1177
510
2400
1295
642
2520
2012
1421
785
2656
1544
888
894
270
2161
1035
407
202
1615
974
363
2247
1094
458
464
2348
1234
598
2472
1355
1362
725
2626
1497
842
206
209
2099
976
1592
2825
588
1442
2753
1891
2504
713
206
397
1635
2260
3446
4084
906
207
401
213
2021
788
215
1865
589
210
260
202
1479
198
206
1388
2625
239
215
1815
534
1800
2095
1471
2091
339
1576
516
202
225
1377
2627
240
2176
2763
451
1488
2110
389
1620
2246
3478
4076
880
2126
2720
468
231
218
1478
2076
3310
3903
899
462
774
215
2029
738
1989
2608
369
197
1794
515
350
598
190
1842
552
1198
2424
3015
774
2021
2630
348
1548
2217
1087
1708
2942
3537
819
2068
2675
419
169
1273
2522
3127
921
408
688
172
1972
721
158
741
1976
2597
385
166
335
157
1677
389
166
1875
568
1361
2441
195
476
154
1761
482
1687
165
939
2024
187
956
1596
1537
148
1235
166
371
165
1864
169
1207
156
718
160
288
162
2090
1855
1811
2997
1731
1943
2102
2070
2026
154
502
153
1944
1926
1877
154
584
131
2023
133
1655
134
1512
916
138
792
1424
1908
1881
1849
126
683
1315
2119
2072
1599
549
1577
1562
3805
2027
1995
1967
118
848
1483
785
1493
1601
2042
946
105
1733
1685
2874
1609
1488
110
1802
96
513
95
2077
2046
2015
110
849
368
150
111
1881
1866
95
1453
388
768
458
1634
2253
2210
2051
2133
734
336
988
1681
437
2291
1752
1692
91
927
250
657
95
340
2268
1076
1733
3073
1686
436
848
1945
1926
1880
81
1357
1341
80
1627
519
911
80
657
86
123
81
575
72
102
403
1895
1715
1588
2000
1908
370
1952
2449
71
487
76
1127
392
80
60
73
57
408
1049
886
78
72
78
1242
1875
96
707
3036
1208
1205
731
585
60
719
63
1249
1024
67
1210
1137
1769
383
414
1877
1562
1521
57
864
303
1511
545
56
1239
1873
1133
961
273
1475
773
43
52
110
66
1186
62
738
76
2020
1056
1286
1895
96
1472
883
968
116
111
1856
426
1869
2509
1852
1558
1554
1053
394
1611
946
212
471
585
1152
1167
688
3223
1111
892
654
715
1286
652
734
169
1413
1408
937
162
2104
862
788
422
173
182
1243
181
1434
175
2400
174
182
2088
210
517
1387
1407
1923
609
1001
191
279
201
712
1271
381
196
198
445
197
401
192
200
193
202
205
204
2028
1990
1763
196
201
1701
995
199
198
197
683
524
365
475
268
747
194
194
198
195
838
195
555
195
682
194
194
195
762
1335
1434
343
298
678
1970
1291
238
223
195
192
195
412
268
201
193
221
191
2117
1498
272
1974
335
1241
1872
2088
208
709
194
203
202
233
204
216
596
205
1244
993
760
211
407
208
207
209
193
472
585
234
206
570
255
236
213
2094
1320
196
201
198
193
204
194
185
191
545
450
176
3876
224
175
375
1980
1517
748
513
732
161
572
179
488
559
158
305
171
170
369
321
3892
1017
146
1986
161
295
578
158
153
1418
2070
1459
153
150
147
526
1908
1967
1839
586
139
680
160
611
155
141
152
576
307
1998
138
154
688
151
214
146
133
268
252
263
279
146
145
229
144
801
603
183
231
647
144
612
644
1916
597
1018
1969
1441
214
2059
649
159
465
158
166
3093
1417
2123
162
470
161
425
169
152
160
160
677
171
174
170
190
2443
772
201
168
169
161
722
479
722
2046
738
241
1530
182
313
378
159
158
173
168
176
1965
691
276
172
168
179
685
163
178
345
159
174
3219
211
2124
379
168
2734
166
1549
164
2429
160
176
1697
170
800
167
160
173
439
156
149
2107
146
2441
1180
140
152
2443
152
147
140
2308
755
138
3707
150
651
148
133
148
142
127
149
655
254
132
2612
131
130
150
127
136
143
3072
129
131
141
130
127
125
3194
134
480
386
3228
136
621
120
126
125
211
162
532
529
289
237
546
745
759
113
467
690
122
1510
666
384
118
118
1740
118
292
117
1419
3987
762
411
129
1400
132
1270
142
927
142
1837
772
145
142
137
1063
150
971
148
301
141
1038
465
2305
151
2064
220
150
1886
143
1293
171
2083
167
1732
132
1657
153
1585
141
1268
156
2689
153
148
913
144
1089
628
148
1456
3417
149
2066
146
1419
159
1828
139
1828
136
1436
151
2064
160
2056
144
1445
172
1108
626
154
1991
152
647
159
2052
555
179
3220
680
160
1125
3904
472
169
193
2795
166
166
1451
164
1816
248
2105
174
2073
465
185
1395
171
1771
163
1008
1444
188
1077
1324
253
1472
177
1950
2213
2785
185
1090
1940
2489
176
869
168
561
1123
2336
166
652
178
1900
174
313
1941
203
1416
2629
185
1532
175
733
1940
162
657
1950
143
240
2008
127
795
2152
1887
1712
647
1048
136
1347
1901
425
121
462
98
1900
1648
85
255
1094
75
1089
1165
2384
69
576
2324
89
316
1699
61
920
1164
2362
358
1837
54
942
79
359
855
52
1926
48
564
1924
53
1709
1818
39
1077
1442
37
937
290
1426
2057
44
532
42
1218
