708
927
501
730
956
546
772
995
585
814
1044
628
857
1083
671
899
1126
713
940
542
769
993
583
809
1035
612
834
1065
650
876
1101
690
912
501
738
956
542
766
997
584
808
1037
641
871
1093
680
910
1134
706
936
521
752
979
568
792
1019
608
834
1060
644
875
1099
684
913
1144
741
969
554
783
1013
582
807
1032
633
851
1076
665
891
1119
707
938
525
750
977
564
795
1023
624
853
1086
664
894
1122
693
923
510
738
966
556
780
1011
596
824
1054
634
866
1093
680
910
512
741
968
559
786
1027
583
809
1037
626
851
1080
668
897
1123
714
938
528
756
994
565
794
1021
620
849
1076
663
892
1118
689
916
505
730
958
546
770
1002
588
815
1039
627
857
1084
669
898
502
728
955
540
771
1000
573
802
1028
615
846
1072
659
895
1114
703
923
517
743
972
558
788
1018
615
844
1070
659
888
1114
688
916
503
731
946
532
760
985
572
818
1025
616
843
1070
659
888
1117
719
946
532
759
988
557
788
1015
601
828
1057
643
870
1097
684
912
495
1365
954
542
1408
996
599
826
1057
641
872
1099
672
903
1131
726
945
534
762
989
573
805
1033
620
846
1074
663
883
1112
714
942
531
757
984
556
785
1014
601
1472
1058
666
870
1101
688
915
504
731
958
544
771
999
604
829
1056
645
869
1097
672
902
1131
714
942
531
758
985
574
803
1031
619
845
1073
660
885
1116
718
945
535
761
988
578
793
1017
608
843
1067
934
815
682
535
1043
913
782
656
530
1022
889
758
623
1130
1015
881
733
604
1113
979
846
729
598
1092
957
824
691
562
1084
934
803
673
541
1049
932
795
653
525
1027
893
758
639
1134
1003
870
738
609
1127
995
850
719
585
1093
958
845
710
566
1075
945
812
681
562
1055
922
791
658
1165
1046
912
765
635
1143
1010
878
759
627
1121
985
855
722
590
1114
963
831
702
571
1078
959
827
680
549
1054
921
790
673
1164
1033
898
768
637
1158
1026
882
751
619
1123
1008
876
744
594
1104
969
838
704
586
1080
948
816
681
550
1072
941
792
660
1168
1037
904
788
654
1150
1016
885
751
618
1141
994
862
729
598
1102
985
852
704
572
1080
952
819
705
575
1065
930
799
666
1189
1058
914
782
648
1156
1027
905
775
629
1136
1002
867
735
617
1108
976
845
708
579
1103
971
824
693
562
1071
935
816
686
1177
1048
915
780
647
1170
1023
888
760
635
1129
1013
881
734
602
1111
979
847
732
598
1090
959
825
690
559
1083
936
803
670
537
1044
926
798
648
519
1027
895
762
642
1137
1004
874
740
607
1132
996
848
718
587
1094
964
843
713
566
1072
938
805
675
560
1051
918
787
661
520
1040
907
762
630
1137
1005
870
753
623
1116
985
854
723
587
1112
967
832
703
567
1074
958
821
676
544
1051
922
1086
577
724
886
1017
524
686
819
969
1115
624
770
921
1069
575
723
868
1031
1164
672
832
965
1750
632
767
915
1075
569
717
877
1008
515
679
813
960
1109
613
760
909
1058
566
717
864
1028
1158
665
826
959
1106
1271
764
913
1074
569
718
878
1012
1157
677
811
963
1110
617
763
911
1062
569
716
865
1026
1161
666
832
967
1112
634
766
916
1080
568
719
877
1009
1160
683
814
959
1111
619
766
914
1057
566
711
857
1021
1155
665
827
959
1107
629
759
908
1068
562
711
870
1004
1151
672
803
947
1096
603
749
899
1047
554
703
851
1014
1151
657
823
954
1101
622
753
900
1064
556
705
867
998
1147
667
803
949
1096
602
750
898
1045
1208
705
853
1013
1146
653
818
951
1097
618
751
899
1064
553
703
866
996
1148
669
800
945
1094
603
748
898
1044
553
699
845
1009
1140
650
813
944
1092
610
747
891
1054
1187
693
853
988
1137
654
788
932
1080
587
733
883
1029
1196
686
836
1000
1132
1281
799
933
1083
609
739
889
1048
1183
692
857
989
1135
661
792
939
1088
596
743
888
1034
1196
692
842
1009
1132
638
803
934
1083
604
736
882
1044
1179
687
851
982
1131
655
787
932
1080
587
734
882
1029
1191
685
1110
897
686
1110
913
688
1129
903
707
1119
908
692
1121
908
696
1136
909
711
1125
928
702
1132
915
705
1128
916
704
1129
932
706
1149
923
725
1136
923
714
1141
925
714
1176
935
732
1143
946
721
1146
934
722
1148
937
720
1144
952
724
1185
944
748
1158
950
735
1165
952
737
1194
954
761
1175
973
745
1173
958
747
536
963
751
1180
980
752
1207
970
772
548
972
761
1191
976
762
550
978
779
569
997
769
571
987
774
563
990
777
564
1008
782
587
1000
802
575
1003
790
577
1008
792
581
1005
811
582
1029
802
603
1015
801
591
1019
803
591
1035
808
611
1023
825
600
1028
815
606
1034
822
610
1039
844
614
1058
828
632
1044
834
625
1051
838
623
1067
837
641
1056
859
631
1057
845
638
1063
850
638
1067
871
644
1086
856
659
1071
862
649
1078
861
650
1092
863
664
1080
1498
1285
1071
859
647
1073
864
649
1073
878
650
1093
866
666
1080
867
653
1083
868
655
1098
868
671
1086
885
657
1084
874
663
1092
880
679
1091
890
670
1113
884
688
1100
887
675
1103
888
675
1119
891
695
1105
909
681
1110
899
686
1116
542
608
692
744
813
884
967
1017
1085
525
579
648
714
795
851
919
987
1071
1125
553
620
702
753
820
887
968
1025
1090
531
588
654
721
804
856
926
996
1079
488
556
623
707
761
826
894
980
1034
1103
545
595
667
732
816
869
934
1002
1085
496
564
633
716
767
836
903
984
1037
1107
549
602
669
735
817
869
939
1004
1090
1140
568
637
721
774
841
906
990
1044
1110
550
602
672
739
821
875
940
1011
1093
510
575
639
721
776
840
906
991
1041
1108
552
604
672
740
824
877
943
1014
1095
519
581
647
729
779
845
914
996
1049
480
562
612
684
752
833
885
955
1021
1103
518
585
653
734
788
859
925
1010
1063
1130
582
625
692
759
844
896
962
1033
1115
527
598
663
746
797
863
932
1016
1069
1138
582
637
700
766
850
901
970
1039
1125
1180
603
670
755
808
874
946
1027
1078
1149
601
655
716
781
864
920
987
1054
1137
1190
615
684
767
818
885
955
1033
1088
1154
595
651
721
784
871
922
989
1057
1137
1191
617
703
765
818
886
595
941
651
999
724
1069
775
1123
814
1163
863
571
918
623
979
680
1032
745
1081
802
1152
855
548
882
587
939
642
988
697
1043
760
1097
807
528
876
584
932
625
974
678
1029
734
1084
799
1141
846
556
902
622
970
676
1023
718
1060
766
1112
821
524
872
581
930
633
982
706
1053
757
1108
798
508
855
562
909
616
961
672
1016
722
1071
794
1140
849
539
887
591
939
643
991
697
1046
752
1093
800
1144
867
573
920
611
955
666
1007
716
1063
770
1119
829
533
882
605
954
660
1011
702
1050
754
1102
808
516
866
572
915
602
944
667
1014
714
1058
751
1077
765
1120
825
531
875
582
924
627
968
690
1040
1385
1096
779
1124
828
528
881
583
912
620
962
656
1000
721
1065
769
1115
808
516
849
552
904
605
954
659
1008
713
1064
779
1127
830
519
866
570
916
625
971
680
1029
735
1082
789
1135
857
565
914
601
948
653
1002
707
1054
759
1106
809
1148
853
574
914
621
966
954
919
916
885
874
863
845
844
830
803
789
774
761
748
734
737
719
691
677
664
647
636
621
621
611
582
563
551
537
522
512
512
1125
470
1096
1083
1069
1057
1058
1043
1016
1003
1006
979
964
954
954
938
910
897
880
866
853
838
843
828
801
787
777
762
748
736
737
725
697
680
666
652
639
625
623
613
584
571
559
546
534
517
519
1129
1112
459
1104
1069
1060
1056
1043
1016
1002
989
975
962
950
950
940
913
895
880
866
853
839
841
828
799
788
769
756
744
731
739
719
694
679
664
651
639
624
628
614
585
570
557
543
527
514
517
504
476
1102
1090
1074
1062
1062
1050
1023
1009
994
981
967
952
952
938
910
898
885
869
854
839
842
829
800
785
773
760
743
729
731
719
689
679
662
650
634
623
623
611
584
571
559
545
530
516
519
1129
1116
1102
1089
1077
1064
1068
1051
1021
1006
995
981
966
951
591
845
1109
754
1004
632
915
526
790
1070
680
949
590
837
1104
744
994
623
905
1155
781
1060
675
941
566
830
1098
726
989
616
892
1147
773
1038
680
932
558
840
1094
721
1001
617
882
1161
771
1038
678
931
554
836
1086
714
997
607
873
1155
767
1033
661
926
569
816
1081
707
972
614
869
1135
775
1028
654
937
550
817
1100
710
977
630
873
1141
781
1031
658
941
554
822
1104
717
982
612
877
1143
770
1037
663
929
574
824
1090
733
983
611
892
503
769
1049
661
930
572
823
1090
732
983
611
889
500
780
1049
660
927
557
820
1085
712
980
603
870
512
766
1030
673
926
551
843
1081
708
991
604
872
511
763
1028
671
922
547
827
1077
703
985
595
863
1145
760
1025
652
922
545
813
1080
708
974
616
866
1134
774
1025
652
933
545
813
1091
703
979
613
860
488
1035
940
845
752
657
562
1108
1023
924
829
734
639
546
1107
1000
925
813
733
624
544
1076
994
886
1433
696
619
509
1060
962
873
780
686
593
501
1049
952
857
761
667
573
1137
1028
951
841
761
652
572
465
1025
916
836
731
651
541
1089
995
903
808
713
618
527
1071
981
886
792
699
605
520
1060
981
873
796
688
609
501
1059
951
870
763
682
573
493
1025
933
841
748
656
563
1110
1018
924
832
739
644
553
1103
1020
911
833
724
645
534
1096
988
908
800
720
613
536
1068
976
883
788
695
601
517
1051
958
866
771
678
586
491
1053
941
862
754
676
575
492
1023
940
832
751
642
562
1095
1000
905
811
715
627
531
1075
984
892
798
706
611
518
1079
971
891
782
702
593
512
1043
965
855
776
666
587
1121
1027
933
1119
679
852
1040
587
789
960
504
706
877
1064
610
812
985
533
744
900
1088
633
845
1008
556
758
931
1114
662
864
1034
579
780
955
499
683
887
1059
604
807
979
525
1352
916
1087
636
836
1008
554
739
939
1110
655
855
1027
577
763
962
498
686
885
1065
606
793
993
522
710
912
1085
632
820
1020
552
741
942
1113
659
855
1049
582
768
975
504
693
877
1080
612
798
1003
535
722
910
1111
640
828
1028
559
747
931
1132
661
850
1051
585
769
957
503
691
878
1080
611
796
981
526
711
900
1104
632
817
1004
551
737
929
486
661
847
1033
582
767
954
515
686
871
1056
603
791
975
538
709
894
1082
627
814
1002
563
734
920
481
651
838
1024
585
756
942
503
674
859
1044
605
777
604
1072
900
725
551
1016
856
682
495
961
788
616
1084
910
739
564
1028
872
699
508
976
802
629
1735
920
747
573
1040
881
708
518
986
814
639
1105
932
759
585
1050
903
718
528
995
823
651
1116
951
767
594
1060
904
731
541
1007
832
657
1125
953
778
607
1076
919
746
556
1022
847
676
1143
967
793
618
1086
926
751
564
1030
854
679
1145
972
800
626
1093
933
761
571
1039
866
694
1160
987
812
637
1103
946
776
587
1053
878
705
1171
999
824
649
1114
954
782
594
1060
885
710
1175
1003
831
658
1124
967
794
608
1072
896
723
1189
1015
844
669
1137
979
805
616
1084
910
735
1203
1028
857
682
1147
987
816
628
1093
920
748
1213
1039
864
690
1154
996
1090
1195
670
764
871
976
1081
1204
669
778
870
976
1081
1186
653
767
867
989
1096
1187
654
761
867
972
1077
543
648
768
873
965
1071
542
646
751
856
964
1086
554
660
752
859
965
1073
540
646
751
874
981
1070
539
642
751
859
966
1071
537
657
761
855
959
427
534
637
744
1507
973
1078
545
638
743
849
957
1062
529
634
757
862
955
1060
527
633
739
843
951
1071
537
643
735
841
948
1056
524
628
6434
859
964
1055
522
627
735
840
947
1053
519
638
746
839
944
1065
562
620
727
832
952
1059
524
616
723
835
933
6796
506
611
724
831
923
1031
496
608
707
814
924
1044
511
617
712
813
922
1027
497
600
714
1090
836
584
8034
714
459
862
594
6753
728
491
863
658
1012
742
6898
887
6678
1052
752
6308
890
636
6681
769
5982
917
649
5686
782
543
916
6431
1064
796
542
5674
676
1067
808
571
6000
688
6288
824
569
978
7041
447
5255
595
967
715
474
844
589
990
723
471
853
613
6565
729
7454
862
608
1008
739
6825
872
6564
1007
752
514
887
635
6806
767
513
6599
661
6731
780
540
7891
660
1062
793
539
926
687
7487
808
569
939
687
1087
820
565
953
714
6209
824
584
957
704
6790
840
6571
1017
732
7215
849
609
981
736
6809
858
6378
994
756
6897
874
635
7840
754
6840
888
6330
1016
780
7574
894
8124
1027
773
7001
826
865
5370
921
6048
975
5478
1025
4886
1076
4457
1127
5404
537
1199
6272
598
640
6436
690
7478
742
753
793
5935
849
5448
902
912
954
6208
1009
5647
1062
5404
1115
5299
1170
1757
6063
591
6956
643
669
697
7165
749
7116
802
829
1297
6580
907
934
5676
987
1015
1042
6655
1095
7462
1149
7427
1201
740
1830
7096
665
690
6503
745
875
7237
823
6027
876
5681
927
954
984
6530
1034
5481
1090
5536
1142
1169
4712
597
5667
649
5076
1326
713
755
7898
811
7162
871
7218
928
2148
7295
980
1024
6651
1075
6147
1128
6271
1179
6250
1234
607
6262
662
1908
8494
760
770
813
6895
871
883
5240
935
6022
990
5030
686
1321
1876
4893
630
2097
4979
902
1714
872
6995
846
6937
816
2311
806
6978
762
2214
7161
1039
1508
1263
915
1639
1874
8091
630
1860
2462
6086
1230
6579
1188
2075
5747
829
6835
803
2326
5506
1094
1398
6199
737
2971
7829
1016
6366
973
1857
1289
7588
915
5465
887
2412
7197
1163
985
2444
806
7548
797
2307
7098
1059
881
1835
1925
5495
673
5084
658
2896
6955
936
7078
894
5978
866
7444
838
1250
1919
6176
800
2386
759
7402
728
6734
718
2227
7012
980
7715
954
1841
7274
593
2116
5582
873
7094
862
1730
7156
1126
2007
5775
759
6762
730
2981
7041
1011
7073
998
2592
6089
639
5555
594
5089
861
1882
1762
1595
5575
580
1832
6811
1059
7982
967
1963
2060
1780
2593
7019
628
1112
1027
2326
3001
2219
1750
1881
1691
1247
1114
950
946
6877
525
2102
3002
6503
950
1915
1142
894
1952
1897
1845
1793
1741
1689
2392
1108
1173
1540
2052
1158
1943
1320
1834
1418
1811
2461
2256
6683
932
2098
2040
1989
1989
659
1822
1829
1085
1324
3620
2198
2142
2092
2380
1980
1556
1322
6940
547
1145
2297
3611
972
2048
10112
809
1414
1271
1872
1807
1206
1556
2292
2152
2913
8163
860
1613
1972
1364
1215
1034
884
2343
2289
2236
2914
2128
2549
2021
1481
1859
641
1120
1044
943
1216
2235
3579
2127
1905
2305
1888
1183
1485
2401
1827
1741
953
2921
8181
789
2232
1252
2046
1495
1856
2120
1434
1894
1758
3072
6872
939
1351
1219
1216
913
1685
2239
1859
1370
2196
2590
8098
1100
1718
1485
1343
1944
2244
8213
766
2213
1588
2024
2977
1837
1142
2230
1740
2098
2322
1866
1232
1732
1949
2265
1784
1471
1790
2439
2027
2257
1842
1089
1971
1873
2822
6160
701
1665
2355
1942
1503
1754
1998
2280
8832
804
1089
2559
8460
1067
1873
1449
2329
1102
1944
3018
8678
955
1526
1987
2298
1797
1690
2012
1542
1897
2292
1935
1329
1777
1121
2868
8521
750
2255
1122
1997
2220
1806
2032
2085
7373
510
2220
2878
1956
1822
2082
2043
1509
1924
789
1984
2163
2031
1359
860
1719
2138
1595
1476
1733
1463
2031
1970
2618
3709
1448
1507
1941
696
2317
1311
2047
753
812
2288
3551
2019
881
639
1400
2121
1068
1322
2364
1389
2093
2112
876
1507
2195
1219
1149
1467
2296
2164
1620
1052
1910
2264
986
1151
1307
1303
1309
1952
1964
1834
1197
1714
1181
1371
1741
1792
1420
1787
1844
1452
1713
1939
2773
1584
1899
1813
1891
1984
1848
2003
2641
2084
1950
1968
2059
2189
2057
1922
1789
2297
2165
2071
1896
1765
2994
2141
2005
827
2417
2246
2106
943
966
2345
1570
3393
1590
2287
1706
1941
2085
1662
2375
1167
2029
1210
2410
1694
1982
2122
2269
1779
920
1994
1181
2358
960
2803
1141
2231
1813
1957
1539
1610
1760
1640
1903
1103
3711
1908
1997
1850
2291
1469
1945
1674
2242
1031
1890
2761
2209
1917
819
2037
968
2006
1780
1383
2072
2095
1810
1878
1368
2097
1487
1820
1571
1881
1706
2403
1432
1502
2048
2154
1302
2000
1290
2354
1799
1378
1524
1670
3176
819
1803
2185
1892
838
1986
1133
2168
1374
1946
2271
2229
1627
2576
1454
2171
1478
1823
1971
2113
1820
1905
1914
948
1722
1480
1857
1116
1274
1831
1452
1543
2300
2002
1788
1858
1069
1793
2218
1211
1290
1438
1873
1908
2211
1064
1784
2209
1995
721
2210
1683
958
1285
2148
1502
2208
1995
1780
1962
1597
1662
2200
1986
1769
2283
1985
1300
2198
1440
1849
2196
1834
937
2108
1978
3198
2193
1980
2407
2194
870
2406
1068
1160
2409
1311
2137
2296
1514
1511
2418
2196
1833
2421
1670
1271
2039
1639
1269
1436
2188
1973
2399
1917
2060
2176
1235
1987
2489
1557
1510
1622
2186
1823
1831
1169
2042
2084
2068
2697
2254
2355
1971
1830
2186
1420
1931
1168
988
