1951
773
769
777
1363
1372
1362
2011
2010
1412
606
600
1230
1244
1238
1886
1880
1889
1276
468
445
1106
1105
1773
1751
1756
1179
341
351
982
994
985
1621
1626
1624
1026
220
214
847
857
847
1469
1475
2114
2123
2115
1521
727
721
1375
1364
1370
2004
2017
2010
1411
604
600
1250
1239
1875
1886
1879
1279
469
449
1099
1088
1101
1750
1747
1736
1139
332
341
974
967
976
1609
1614
1020
198
208
837
826
844
834
1465
1463
2107
2105
2098
1528
708
1343
1352
1345
1985
1987
1997
1384
577
571
1216
1229
1219
1855
1866
1858
1261
439
448
1084
1090
1740
1750
1727
1144
322
316
947
958
961
1602
1592
1605
999
185
178
828
817
1439
1448
1454
2092
2084
2094
1512
703
695
1333
1324
1336
1986
1979
1975
1406
554
1202
1211
1205
1834
1848
1857
1243
437
431
1064
1074
1064
1733
1727
1732
1139
316
949
959
953
1586
1596
1586
1007
169
179
812
815
831
1448
1442
1452
2085
2080
1509
692
680
1333
1328
1337
1970
1979
1973
1375
565
559
1196
1205
1199
1848
1842
1244
423
432
1065
1075
1064
1734
1712
1733
1139
318
311
946
939
948
1581
1587
993
172
157
814
809
817
1435
1444
1438
2087
2071
2075
1509
686
680
1329
1323
1973
1966
1976
1395
572
566
1199
1209
1198
1832
1841
1840
1241
435
413
1077
1057
1713
1715
1725
1143
301
314
949
938
947
1585
1578
1571
990
170
180
814
807
813
1434
1444
2079
2068
2082
1500
696
685
1334
1333
1326
1976
1970
1995
1973
1392
1206
1204
1187
1844
1842
1854
1254
432
426
995
1070
1079
1725
1739
1715
1119
313
947
957
951
1584
1594
1587
990
185
180
825
821
815
1449
1441
1452
2087
2081
1514
688
702
1342
1325
1339
1973
1982
1976
1378
568
566
1216
1209
1859
1856
1847
1249
443
414
1086
1064
1091
1723
1749
1726
1123
307
319
966
944
1594
1587
1597
1000
194
188
821
832
824
1442
1451
1446
2095
2090
2098
1517
694
1341
1338
1348
1981
1974
1984
1386
565
573
1208
1202
1211
1845
1855
1848
1252
417
1078
1073
1082
1731
1741
1735
1138
315
324
955
952
962
1595
1590
1598
1001
175
828
818
832
1449
1459
1448
2086
2082
2089
1508
699
695
1361
1339
1349
1983
1972
1379
573
566
1216
1211
1218
1853
1863
1856
1242
421
462
1080
1093
1067
1748
1726
1128
307
317
946
956
952
1603
1597
1602
1008
188
181
830
823
832
1450
1446
2094
2084
2096
1515
689
699
1336
1342
1331
1989
1984
1977
1379
568
565
1214
1208
1857
1849
1858
1276
438
443
1067
1065
1066
1728
1724
1730
1135
313
302
955
948
1595
1591
1601
999
192
173
820
817
809
1439
1436
1445
2074
2071
2080
1499
692
1326
1335
1324
1961
1971
1964
1366
557
569
1202
1196
1204
1838
1831
1841
1243
420
1054
1063
1052
1722
1699
1720
1127
289
296
927
941
950
1584
1577
1586
988
183
800
809
803
1420
1429
1423
2072
2065
2075
1493
672
680
1315
1323
1317
1946
1955
1334
555
548
1194
1191
1181
1831
1827
1817
1223
418
411
1060
1054
1063
1715
1709
1121
303
280
929
923
932
1566
1572
1569
987
165
159
794
801
795
1429
1422
2056
2065
2075
1493
671
664
1314
1308
1302
1951
1941
1946
1356
534
543
1185
1181
1819
1829
1819
1225
418
392
1061
1039
1044
1698
1705
1681
1103
298
288
925
914
1567
1561
1555
974
155
145
794
787
797
1414
1424
1418
2067
2062
2070
1489
666
1315
1305
1304
1952
1946
1956
1357
536
545
1179
1188
1178
1815
1824
1818
1205
399
1046
1041
1051
1684
1710
1687
1090
284
277
926
922
930
1563
1557
1566
969
147
797
791
801
1419
1431
1422
2056
2062
2060
1478
673
669
1316
1310
1304
1955
1949
1351
545
526
1188
1182
1176
1825
1819
1809
1215
410
419
1037
1062
1696
1706
1700
1102
297
290
924
933
927
1560
1570
1576
967
161
155
804
798
1415
1425
1419
2069
2062
2055
1490
669
680
1314
1297
1315
1949
1959
1953
1357
549
1182
1192
1185
1836
1829
1822
1225
404
414
1046
1056
1052
1715
1709
1719
1121
284
933
942
936
1570
1560
1573
975
169
163
792
806
799
1433
1427
1420
2066
2064
1498
676
670
1303
1313
1323
1956
1950
1961
1362
540
547
1184
1194
1186
1820
1825
1216
411
417
1037
1063
1055
1714
1700
1709
1128
306
301
933
943
1576
1570
1578
982
162
170
803
812
806
1440
1433
1426
2057
2071
2064
1482
677
1310
1319
1315
1963
1952
1950
1369
546
556
1185
1183
1195
1823
1821
1830
1232
426
1044
1055
1047
1712
1706
1715
1119
296
289
939
935
926
1576
1570
1579
981
160
809
803
796
1430
1422
1432
2066
2075
2069
1487
681
675
1324
1318
1951
1961
1955
1373
551
560
1194
1204
1184
1832
1843
1836
1240
419
413
1058
1057
1739
1713
1728
1132
293
299
937
947
941
1588
1587
1595
1000
177
171
821
815
1433
1443
1437
2088
2081
2075
1511
688
698
1332
1342
1329
1967
1980
1974
1372
571
1201
1217
1208
1843
1853
1846
1249
1850
1287
1088
1065
1090
1724
1750
1728
1131
309
960
964
962
1596
1606
1600
1003
181
207
824
196
824
1445
1457
2089
2099
2093
1527
706
699
1349
1343
1353
1986
1980
1989
1392
586
580
1230
1224
1858
1867
1861
1264
458
435
1086
1075
1085
1736
1746
1742
1147
339
332
965
972
1609
979
1610
1015
193
188
836
830
837
1458
1467
1464
2095
2097
2099
1533
711
1361
1354
1364
1998
1991
2001
1403
583
592
1225
1231
1228
1863
1872
1866
1268
446
1097
1074
1099
1749
1759
1736
1138
334
342
978
970
979
1613
1606
1612
1019
197
846
841
834
1468
1461
1471
2101
2114
2108
1541
721
714
1363
1357
1351
1999
1994
1396
591
602
1235
1223
1237
1871
1880
1875
1260
455
464
1100
1107
1085
1767
1745
1147
342
335
985
978
968
1622
1616
1605
1012
206
200
849
843
853
1471
1480
2114
2108
2118
1536
730
724
1357
1363
1361
2010
2004
1997
1416
594
604
1233
591
1241
1875
1868
1271
449
475
1092
1118
1097
1758
1755
1765
1184
346
1759
1806
984
1618
1640
1619
1022
218
211
861
854
850
1482
1480
1466
2120
2114
2123
1541
720
1369
1380
1373
2006
2016
2010
1412
606
600
1250
1244
1238
1871
1880
1874
1276
487
1105
1095
1109
1775
1767
1778
1180
341
351
1000
997
988
1621
1632
1640
1024
221
856
864
857
1488
1485
1495
2129
2122
2117
1551
730
738
732
1382
1376
1369
2015
1421
601
609
1243
1246
1246
1895
1889
1884
1892
1279
473
1125
476
1782
1776
1769
1188
366
359
993
1002
996
1629
1639
1631
1035
230
223
873
866
1476
1478
1487
2121
2126
2124
1543
737
726
1380
1374
1384
2015
2027
2021
1423
617
1251
1257
1254
1903
1897
1890
1293
487
468
1131
1109
1118
1763
1777
1770
1166
355
1001
995
988
1629
1630
1641
1039
222
231
865
875
868
1486
1495
2129
2139
2132
1551
746
739
1389
1382
1375
2025
2018
2028
1431
622
618
1252
1259
1896
1889
1899
1285
494
472
1121
1115
1124
1773
1782
1760
1159
356
362
998
1007
1641
1650
1643
1045
226
216
865
859
869
1487
1480
1489
2122
2131
2125
1555
737
1387
1380
1373
2023
2014
2009
1411
621
615
1264
1243
1251
1885
1895
1888
1290
468
1117
1111
1120
1766
1780
1757
1161
353
347
997
987
996
1619
1627
1633
1039
216
867
846
869
1486
1480
1492
2123
2117
2126
1545
739
732
1382
1375
1368
2019
2012
1414
609
602
1235
1245
1238
1888
1881
1889
1277
455
481
1098
1109
1098
1768
1761
1159
355
346
984
995
987
1621
1630
1621
1043
221
210
863
854
851
1485
1470
2124
2122
2130
1549
728
736
1370
1379
1370
2007
2016
2010
1412
622
1253
1250
1243
1893
1882
1880
1282
461
471
1101
1113
1107
1772
1762
1775
1174
341
989
995
993
1626
1636
1629
1048
210
221
869
862
858
1489
1484
1493
2126
2117
1554
732
742
1376
1368
1378
2013
2005
2015
1414
612
607
1255
1249
1242
1892
1881
1289
466
475
1109
1119
1112
1778
1773
1781
1183
342
355
1004
998
993
1625
1635
1033
216
225
856
868
861
1477
1486
1478
2127
2119
2112
1546
720
732
1360
1358
2006
1998
2007
1409
602
593
1227
1237
1229
1861
1870
1864
1266
458
1092
1099
1066
1758
1735
1744
1158
315
331
965
974
967
1599
1609
1598
1003
175
830
839
832
1449
1458
1451
2084
2094
2087
1506
698
691
1340
1330
1327
1977
1985
1975
1381
575
1207
1216
1207
1859
1852
1845
1231
441
418
1083
1061
1068
1720
1729
1722
1121
318
948
941
938
1587
1580
1574
992
170
178
812
806
811
1432
1442
1436
2069
2078
1497
689
683
1332
1326
1319
1984
1962
1927
1373
551
561
1190
1187
1195
1828
1823
1227
419
408
1062
1040
1065
1710
1724
1717
1121
294
307
940
934
927
1577
1588
968
163
160
809
803
811
1432
1423
1432
2065
2059
2068
1487
682
674
1307
1317
1951
1960
1953
1372
549
559
1192
1186
1196
1824
1822
1832
1215
396
437
1054
1064
1698
1707
1700
1099
277
290
924
933
929
1560
1568
1575
981
159
152
802
795
1415
1422
1415
2065
2060
2068
1486
662
674
1307
1317
1310
1946
1950
1943
1355
543
1176
1186
1179
1829
1822
1816
1219
398
424
1042
1052
1046
1712
1704
1716
1119
294
933
942
936
1570
1580
1590
993
172
166
811
806
804
1434
1434
2066
2076
2070
1504
683
693
1323
1322
1331
1965
1971
1969
1372
565
556
1195
1200
1837
1847
1841
1244
422
432
425
1073
1066
1735
1725
1739
1137
298
313
947
957
1591
1584
1594
995
172
185
819
829
818
1438
1450
1439
2093
2087
1502
699
709
1343
1337
1346
1982
1976
1985
1386
564
570
1208
1213
1201
1845
1851
1261
435
446
1079
1088
1063
1748
1726
1736
1151
311
324
959
971
965
1589
1603
1009
186
181
828
824
829
1451
1457
1454
2104
2075
2092
1527
720
697
1363
1341
1990
1980
1989
1412
571
584
1218
1215
1221
1852
1864
1858
1261
439
433
1083
1076
1742
1720
1742
1148
326
319
969
963
972
1606
1616
1609
1004
190
183
833
826
1460
1454
1463
2097
2092
2100
1519
713
707
1340
1350
1344
1978
1987
1389
579
577
1227
1236
1214
1859
1857
1863
1269
447
441
1090
1084
1093
1744
1753
1155
313
327
977
970
964
1597
1607
1596
1020
193
190
840
830
840
1461
1455
2104
2100
2092
1522
701
714
1348
1358
1352
1985
1996
1990
1391
585
592
1225
1219
1870
1866
1856
1262
456
434
1100
1094
1104
1737
1759
1741
1143
319
334
978
975
1608
1602
1609
1014
190
200
833
842
839
1473
1467
1461
2126
2102
1535
712
710
1359
1353
1349
1996
1986
2000
1402
597
587
1224
1234
1224
1877
1866
1864
1266
445
1110
1088
1098
1745
1757
1747
1153
332
340
972
980
974
1608
1621
1023
214
211
845
854
844
1482
1475
1469
2119
2111
2106
1524
715
712
1362
1352
2005
1994
2008
1410
600
594
1250
1242
1235
1885
1877
1872
1278
453
1102
1096
1105
1755
1764
1743
1161
336
333
982
992
982
1619
1609
1623
1025
199
213
846
856
1474
1483
1477
2110
2120
2114
1528
726
720
1370
1359
1361
2002
1995
1418
592
590
1239
1233
1243
1876
1870
1879
1260
460
470
1083
1113
1106
1752
1746
1168
344
340
349
980
977
1626
1616
1626
1029
208
220
853
847
856
1474
1483
2117
2111
2121
1539
713
726
1352
1367
1361
2010
2000
2017
1415
597
1247
1240
1234
1882
1873
1886
1275
451
475
1093
1109
1069
1750
1747
1756
1164
337
969
964
333
1606
1612
1624
1026
196
193
842
836
844
1464
1457
1465
2099
2108
1522
704
712
1341
1354
1343
1980
1987
1982
1386
574
583
1217
1210
1208
1854
1865
1250
428
454
1070
1079
1073
1734
1732
1737
1138
320
310
955
953
945
1598
1587
989
184
179
829
822
778
1446
1442
1435
2085
2074
2087
1506
680
692
1326
1323
1968
1974
1986
1389
562
556
1206
1201
1195
1842
1838
1844
1234
428
421
1067
1063
1072
1706
1731
1133
292
301
938
943
941
1586
1583
1577
991
172
162
815
805
1426
1435
1429
2078
2072
2081
1498
673
683
1316
1330
1323
1956
1963
1955
1362
552
1190
1195
1192
1825
1831
1844
1227
424
418
1069
1061
1050
1700
1729
1703
1109
298
936
942
939
1572
1566
1571
978
152
166
799
804
802
1419
1428
1422
2069
2066
1495
675
667
1320
1313
1322
1952
1965
1955
1359
539
548
1179
1188
1197
1834
1826
1229
423
400
1050
1031
1053
1702
1709
1706
1109
281
279
927
922
928
1562
1574
972
167
162
793
790
800
1417
1427
1421
2071
2062
2061
1490
670
684
1313
1311
1961
1955
1946
1364
546
556
1190
1196
1190
1828
1837
1831
1235
413
1063
1058
1067
1717
1726
1697
1123
301
293
945
935
949
1581
1573
1579
986
168
818
810
817
1440
1433
1443
2079
2089
2081
1515
693
683
1337
1327
1341
1971
1965
1371
562
559
1205
1201
1208
1846
1835
1849
1252
429
439
1057
1083
1712
1742
1720
1122
313
310
944
950
960
1594
1587
1584
1003
181
176
820
834
824
1445
1455
2089
2078
2092
1511
701
695
1332
1339
1332
1986
1979
1973
1391
565
1219
569
1206
1854
1846
1843
1257
423
449
1063
1092
1070
1732
1725
1739
1155
320
951
963
952
1586
1596
1593
992
186
179
829
827
820
1454
1443
1457
2091
2077
1519
697
691
1340
1331
1338
1977
1982
1981
1382
573
566
1216
1213
1215
1852
1851
1236
430
440
1070
1083
1061
1738
1736
1743
1147
322
319
970
962
968
946
1595
998
176
189
819
829
826
1444
1453
1447
2097
2092
2084
1518
693
1342
1337
1327
1982
1976
1985
1384
578
571
1205
1215
1209
1842
1855
1845
1251
447
1075
1088
1081
1745
1724
1732
1126
312
305
953
943
951
1584
1598
1590
988
181
819
808
819
1438
1431
1440
2073
2082
2091
1506
689
677
1326
1322
1329
1962
1955
1373
553
554
1192
1185
1198
1831
1823
1830
1220
426
405
1072
1046
1059
1706
1717
1116
294
287
941
932
923
1575
1564
1578
980
154
164
800
809
798
1419
1429
2062
2056
2065
1482
674
667
1320
1313
1303
1953
1946
1948
1345
535
544
1181
1190
1820
1833
1822
1212
421
399
1048
1041
1051
1684
1710
1699
1101
279
277
926
933
1569
1559
1552
970
152
144
796
804
795
1415
1408
1418
2051
2060
2055
1467
658
1297
1310
1299
1936
1941
1938
1340
534
524
1177
1170
1176
1809
1822
1816
1202
396
1045
1022
1048
1677
1691
1684
1100
296
270
903
916
926
1559
1567
918
965
142
791
785
778
1412
1405
1416
2048
2041
2052
1468
663
654
1306
1300
1288
1938
1932
1338
529
525
1174
1168
1177
1810
1159
1812
1200
377
403
1012
1030
1023
1685
1678
1691
1109
271
905
914
903
1557
1550
1560
960
137
130
779
776
770
1420
1398
1407
2036
2033
1464
646
652
1289
1282
1289
1921
1935
1928
1330
526
531
1165
1160
1149
1802
1810
1199
377
402
1019
1045
1022
1704
1681
1687
1090
253
261
895
903
898
1550
1540
946
140
133
767
772
769
1404
1397
1389
2039
2032
2042
1460
639
648
1281
1289
1925
1914
1924
1325
519
517
1166
1159
1154
1782
1796
1785
1193
401
1019
1028
1006
1683
1665
1686
1088
251
262
897
903
900
1550
1543
1537
939
133
123
755
769
1386
1395
1388
2038
2031
2025
1459
653
648
1292
1289
1298
1916
1925
1343
506
516
1155
1167
1163
1796
1807
1807
1211
408
386
1054
1033
1053
1696
1707
1127
290
262
936
931
942
1577
1586
1583
986
165
816
811
822
1440
1450
1445
2080
2090
2085
1519
699
692
1339
1337
1347
1978
1988
1395
570
584
1215
1228
1223
1857
1863
1861
1248
459
438
1103
1081
1091
1743
1753
1166
333
343
960
970
965
1615
1625
1618
1021
202
228
840
853
1471
1465
1475
2109
2119
2105
1531
725
719
1353
1363
1354
2003
1993
2011
1413
596
1242
1236
1245
1876
1873
1883
1271
480
458
1107
1097
1110
1756
1769
1746
1161
342
975
985
994
1608
1621
1615
1028
210
199
853
846
851
1473
1466
2115
2124
2120
1539
717
724
1357
1362
1376
1989
1999
1997
1411
589
602
1232
1244
1234
1871
1877
1268
464
439
1105
1082
1108
1741
1766
1744
1143
340
330
967
977
1606
1621
1613
1016
211
204
837
847
841
1476
1468
1474
2111
2105
2114
1535
712
1361
1355
1361
1994
2008
2001
1400
597
591
1225
1235
1228
1862
1871
1881
1268
457
471
1091
1111
1744
1757
1751
1153
332
339
975
961
979
1610
1622
1633
1018
212
203
856
849
1467
1477
1470
2104
2114
2125
1542
720
730
1363
1373
1362
2001
2006
1413
587
598
1250
1240
1238
1871
1877
1891
1277
459
481
1101
1109
1102
1769
1762
1164
342
333
986
979
973
1623
1628
1626
1021
207
214
865
857
853
1471
1477
2115
2124
2119
1536
730
720
1370
1367
1377
2011
2016
2010
1418
612
604
1239
1248
1258
1896
1885
1287
466
476
1109
1119
1113
1780
1757
1783
1186
347
338
991
985
1634
1644
1638
1041
215
228
862
856
865
1483
1477
1487
2137
2126
1549
741
733
1378
1370
1369
2015
2006
2003
1417
593
603
1231
1244
1236
1884
1877
1881
1271
465
1097
1106
1083
1747
1740
1751
1167
330
317
967
975
968
1601
1614
1606
1008
186
836
829
817
1454
1463
1456
2089
2098
2091
1505
695
691
1344
1336
1347
1977
1969
1375
571
558
1207
1220
1209
1863
1835
1848
1230
441
421
1071
1063
1072
1722
1730
1133
311
304
953
946
936
1585
1578
1588
991
172
166
812
808
813
1434
1444
2074
2074
2068
1498
693
687
1319
1323
1321
1967
1964
1957
1373
549
563
1188
1201
1195
1831
1841
1239
438
415
1060
1042
1067
1717
1726
1700
1101
284
304
942
932
1582
1578
1568
985
164
161
810
804
793
1427
1424
1434
2063
2076
1495
669
678
1312
1339
1311
1966
1958
1955
1389
547
544
1194
1190
1193
1826
1822
1834
1239
409
1059
1037
1066
1696
1721
1698
1105
295
292
941
931
925
1578
1572
970
149
158
795
805
798
1431
1425
1434
2067
2061
2071
1489
663
676
1306
1316
1953
1947
1952
1358
552
542
1179
1185
1178
1832
1825
1819
1220
399
425
1038
1052
1698
1711
1704
1105
281
291
929
939
929
1563
1561
1570
969
164
160
811
801
1419
1431
1422
2073
2070
2064
1483
673
667
1317
1315
1321
1959
1968
1961
1364
572
1193
1202
1192
1824
1839
1829
1236
414
425
1053
1067
1056
1726
1720
1123
313
294
956
927
945
1577
1588
1584
967
161
176
805
818
804
1442
1438
2072
2082
2072
1492
685
681
1328
1321
1335
1969
1962
1968
1375
569
558
1208
1202
1835
1829
1838
1229
423
424
1066
1071
1066
1731
1724
1718
1141
299
948
946
952
1589
1598
1605
992
170
180
813
822
820
1434
1443
1441
2075
2083
2074
1492
687
1317
1331
1340
1973
1971
1981
1379
561
567
1204
1202
1204
1843
1192
1238
412
441
1057
1085
1062
1724
1722
1727
1130
312
317
935
946
1578
1589
1597
1004
179
175
822
835
824
1442
1436
1449
2082
2075
2085
1504
710
1331
1337
1330
1981
1957
1967
1369
563
568
1206
1200
1209
1847
1853
1848
1252
444
1063
1070
1063
1729
1723
1734
1138
313
306
958
950
940
1597
1587
1596
1003
177
830
822
805
1447
1441
1439
2084
2082
2093
1506
688
697
1347
1337
1331
1982
1978
1377
576
570
1199
1209
1203
1852
1851
1856
1247
453
431
1085
1075
1081
1740
1741
1135
327
323
969
951
957
1610
1600
1594
1017
191
186
835
829
1447
1461
1451
2104
2099
2104
1523
705
714
1348
1338
1352
1981
1991
1985
1387
582
1216
1229
1218
1869
1862
1872
1259
1859
1294
1112
1073
1087
1733
1742
1736
1143
319
967
965
970
1604
1614
1608
1012
188
200
832
846
835
1457
1466
2116
2109
2100
1534
716
706
1356
1349
1359
1996
1986
2000
1399
580
586
1219
1231
1862
1872
1870
1269
450
460
1094
1084
1098
1747
1749
1751
1153
331
337
974
980
1614
1624
1617
1023
198
191
842
835
848
1466
1472
1468
2104
2109
2103
1540
716
1365
1358
1353
2001
2000
2005
1407
585
595
1229
1238
1231
1865
1879
1261
471
450
1103
1093
1106
1756
1765
1755
1142
340
331
981
973
987
1620
1610
1029
207
201
851
843
837
1472
1464
1474
2108
2122
2115
1546
727
733
1367
1360
2004
2008
1987
1401
594
589
1234
1231
1242
1881
1872
1878
1284
458
468
1086
1115
1748
1772
1753
1151
345
338
987
983
992
1625
1615
1607
1008
202
196
843
840
1473
1462
1471
2103
2100
2105
1523
708
709
1346
1351
1344
1993
1988
1999
1399
574
1227
1216
1209
1859
1848
1864
1250
428
449
1070
1095
1070
1733
1722
1739
1157
315
308
958
950
1604
1593
1587
989
184
175
827
821
827
1451
1441
1450
2079
2093
1506
689
698
1327
1341
1330
1965
1973
1968
1371
564
558
1209
1199
1208
1844
1838
1847
1231
440
1060
1066
1047
1725
1721
1731
1147
314
301
946
964
937
1590
1580
1593
979
169
803
813
805
1439
1436
1427
2075
2069
2066
1497
681
684
1322
1328
1960
1958
1963
1367
560
558
1187
1197
1189
1823
1832
1846
1228
441
399
1068
1042
1075
1701
1711
1133
292
306
934
944
941
1587
1581
1574
992
170
163
816
806
801
1433
1431
2060
2090
2064
1421
679
669
1321
1316
1322
1955
1954
1962
1361
558
1192
1181
1191
1824
1820
1828
1213
423
403
1067
1048
1054
1707
1714
1707
1113
287
920
929
927
1576
1582
1576
978
156
165
798
813
782
1421
1429
1426
2055
2065
1487
681
671
668
1315
1327
1956
1950
1961
1348
545
551
1205
1178
1192
1826
1824
1218
428
410
1056
1050
1059
1713
1721
1717
1111
294
288
939
936
1585
1575
1587
971
165
159
813
804
796
1434
1428
1434
2067
2077
2071
1489
671
1317
1330
1320
1958
1963
1961
1359
555
548
1198
1194
1204
1838
1829
1840
1225
418
1068
1066
1075
1705
1715
1057
1127
294
315
934
942
950
1589
1583
981
175
169
819
816
806
1427
1437
1427
2081
2070
2080
1501
697
691
1320
1330
1983
1977
1983
1385
562
556
1194
1203
1209
1843
1836
1850
1237
411
437
1054
1064
1717
1739
1700
1118
293
307
940
949
947
1577
1586
1580
1002
177
170
808
813
1450
1445
1434
2088
2078
2073
1509
687
697
1326
1324
1330
1965
1973
1967
1373
567
1197
1206
1200
1842
1844
1837
1240
418
428
1061
1075
1066
1731
1708
1734
1140
302
952
941
951
1584
1581
1588
990
172
178
811
806
815
1435
1446
1436
2085
2080
1497
691
684
1334
1328
1322
1971
1964
1974
1392
567
564
1197
1207
1204
1836
1846
1250
428
438
1071
1075
1055
1740
1713
1725
1142
304
297
947
944
1591
1585
1601
998
181
170
821
815
824
1442
1458
1446
2082
2093
2089
1520
699
692
1322
1336
1990
1984
1326
1396
575
585
1216
1208
1210
1853
1848
1860
1264
442
1073
1086
1095
1741
1735
1749
1164
326
320
973
965
974
1608
1618
1611
1014
192
830
836
830
1464
1458
1454
2105
2099
2109
1527
717
711
1346
1355
1989
1999
1997
1396
589
575
1235
1227
1222
1870
1864
1854
1264
456
450
1102
1094
1758
1739
1765
1167
329
335
975
980
974
1626
1620
1613
1028
222
200
851
844
838
1471
1464
2118
2111
2102
1520
714
708
1361
1367
1364
1994
2005
1998
1400
594
1228
1237
1231
1869
1875
1869
1275
465
442
1113
1078
1112
1745
1758
1749
1151
327
979
989
983
1616
1626
1623
1022
192
215
847
855
849
1465
1474
2112
2119
2112
1534
728
717
1367
1365
1375
2025
1998
2028
1431
606
602
1232
1244
1875
1869
1879
1265
480
454
1107
1096
1107
1757
1769
1763
1166
340
334
980
981
1626
1624
1618
1032
190
204
858
847
857
1479
1488
1482
2112
2122
1544
718
732
1361
1371
1366
2014
2012
2006
1419
599
603
1238
1227
1235
1866
1862
1263
468
427
1095
1085
1091
1739
1730
1727
1142
316
308
960
950
946
1589
1581
1589
991
167
176
810
801
1433
1425
1417
2066
2062
2067
1484
677
674
1306
1311
1305
1952
1948
1953
1342
536
1184
1173
1169
1814
1827
1815
1201
395
403
1021
1049
1022
1690
1679
1688
1090
267
901
909
902
1555
1546
1539
958
136
129
774
766
759
1397
1385
1382
2031
2043
1458
636
641
1274
1286
1277
1910
1919
1911
1316
509
501
1148
1145
1150
1788
1765
1775
1176
365
1003
1008
1002
1670
1659
1672
1071
232
241
875
883
873
1529
1518
1532
931
107
740
109
740
1363
1369
1367
2012
2008
2018
1451
609
622
1252
1260
1258
1891
1896
1303
494
473
1119
1112
1125
1774
1762
1117
1163
356
333
996
992
982
1631
1641
1634
1039
217
864
859
870
1503
1512
1505
903
84
94
723
738
729
1363
1357
1346
1999
1992
1422
600
593
1243
1232
1249
1883
1873
1885
1283
465
475
1108
1116
1746
1732
1753
1156
337
325
972
970
990
1607
1633
1610
1029
207
216
850
847
1493
1491
1499
906
81
77
732
727
738
1355
1352
1363
1998
2005
1999
1436
614
1265
1264
1259
1906
1900
1895
1318
497
508
1138
1149
1163
1778
1789
1176
376
369
1016
998
1020
1663
1682
1660
1064
275
272
904
889
891
1543
1539
955
133
130
778
773
765
1404
1399
1408
2042
2036
2046
1457
657
650
1303
1304
1931
1937
1931
1339
532
523
1173
1166
1160
1811
1804
1798
1205
384
1041
1028
1053
1683
1697
1687
1094
272
278
916
906
915
1549
1562
1553
959
149
144
140
787
1422
1435
1413
2062
2052
2046
1465
659
653
1303
1300
1306
1940
1954
1352
547
540
1178
1184
1178
1813
1826
1819
1205
400
409
1026
1053
1031
1713
1702
1105
291
294
927
920
928
1567
1561
1566
973
147
156
794
799
797
1411
1426
2058
2068
2061
1477
677
664
1314
1307
1302
1951
1944
1958
1357
553
1188
1182
1192
1822
1816
1824
1215
393
414
1052
1061
1055
1717
1694
1705
1106
288
938
933
937
1575
1566
1558
976
154
152
798
795
801
1423
1432
1422
2059
2053
1483
664
671
1305
1318
1300
1961
1956
1946
1364
542
535
1185
1181
1188
1822
1819
1222
400
425
1042
1052
1045
1724
1706
1715
1113
296
286
920
929
937
1557
1569
967
161
155
790
802
795
1430
1420
1413
2069
2057
2066
1485
664
1312
1305
1319
1949
1962
1956
1354
552
546
1175
1185
1197
1827
1821
1837
1221
418
405
1055
1052
1714
1696
1703
1119
282
279
928
919
927
1577
1572
1564
971
161
811
808
799
1420
1429
1422
2052
2062
2061
1494
671
678
1315
1305
1316
1952
1958
1951
1353
532
1181
1178
1188
1822
1828
1825
1211
421
417
1067
415
1052
1698
1708
1700
1123
282
935
929
934
1572
1561
1570
973
151
160
798
803
798
1419
1429
1422
2072
2065
1483
678
671
1317
1310
1320
1954
1953
1957
1359
557
534
1182
1191
1187
1816
1826
1217
426
401
1054
1047
1057
1703
1716
1692
1096
286
279
925
923
1573
1569
1563
981
156
149
799
792
790
1423
1417
1427
2056
2070
2063
1478
672
1305
1319
1311
1942
1956
1946
1352
542
551
1187
1176
1176
1822
1815
1827
1233
409
1061
1050
1062
1696
1718
1695
1101
279
285
934
928
914
1574
1565
1575
978
161
151
803
797
1435
1429
1424
2071
2065
2079
1498
673
699
1322
1328
1322
1976
1967
1370
548
562
1210
1203
1197
1847
1841
1838
1242
420
430
1060
1077
1065
1733
1713
1128
311
321
951
949
959
1589
1603
1593
996
175
185
819
829
827
1459
1457
2089
2099
2089
1523
703
696
1351
1340
1353
1980
1982
1992
1394
572
582
1230
1222
1856
1866
1863
1250
444
471
1036
1098
1072
1757
1732
1758
1164
325
337
971
976
1614
1603
1616
1022
195
188
838
843
842
1459
1473
1462
2112
2110
1529
720
713
1351
1360
1350
2000
1994
2007
1422
588
598
1228
1225
1236
1853
1859
1265
439
469
1084
1105
1090
1752
1746
1755
1174
335
349
983
973
983
1615
1613
1014
211
191
849
843
857
1470
1484
1478
2095
2108
2115
1533
728
718
1351
1365
2014
2008
1997
1420
597
611
1230
1252
1242
1891
1869
1882
1269
475
1096
1106
1116
1761
1759
1766
1171
346
358
988
986
978
1625
1623
1618
1035
210
863
853
846
1484
1480
1471
2121
2115
2125
1539
717
728
1360
1370
1367
2010
2008
1414
604
599
1250
1232
1233
1888
1880
1870
1271
485
462
1112
1105
1112
1760
1758
1175
350
344
993
986
984
1633
1627
1636
1038
212
206
855
852
846
1480
1473
2107
2092
2109
1540
719
728
1361
1372
1363
1997
2010
2004
1402
596
590
1239
1237
1227
1876
1872
1276
469
447
1113
1086
1100
1749
1754
1752
1140
333
339
976
985
1615
1612
1624
1020
198
212
845
850
848
1481
1470
1484
2117
2111
2112
1539
718
1362
1356
1369
2000
2008
2006
1408
602
595
1229
1239
1230
1882
1873
1869
1271
449
1115
1093
1102
1752
1761
1755
1157
332
327
976
968
965
1627
1624
1617
1018
214
844
837
847
1464
1478
1470
2122
2115
2109
1540
717
731
1361
1350
1363
2001
2006
1413
607
601
1234
1224
1237
1869
1880
1875
1276
442
465
1098
1107
1100
1110
1759
1158
336
349
976
993
987
1617
1601
1619
1042
206
216
847
840
1474
1467
1478
2112
2122
2113
1532
726
716
1365
1364
1368
2006
2000
1989
1412
602
596
1249
1239
1876
1870
1878
1282
461
470
1104
1115
1087
1771
1766
1756
1174
340
986
979
975
1627
1620
1629
1032
210
201
853
845
855
1472
1484
1474
2105
2117
1535
726
717
1356
1361
1353
2002
1996
1992
1395
589
594
