711
618
841
1066
651
876
1101
685
910
495
719
945
533
760
985
569
794
1019
621
847
1075
660
887
456
680
910
495
720
944
533
759
986
571
801
1023
612
837
1063
645
871
1100
697
926
511
735
963
546
763
987
576
799
1026
612
835
1059
647
870
1094
682
897
479
705
929
528
756
981
568
795
1017
590
828
1044
631
858
1083
668
895
1119
708
935
518
746
970
561
793
1012
1239
841
1064
648
872
1098
668
894
478
706
931
518
740
963
549
775
1000
589
811
1041
623
848
1073
673
898
1124
712
936
508
736
960
546
774
1002
587
812
1039
624
852
1075
660
885
1112
695
923
521
746
973
560
785
1012
579
805
1035
617
858
1069
656
882
1121
696
926
505
730
958
564
769
995
594
820
1047
632
857
1085
654
880
1110
695
920
507
734
961
547
771
997
583
810
1035
620
850
1076
678
904
1132
714
941
513
736
964
546
773
999
587
815
1041
629
855
1084
668
893
1118
704
928
530
755
982
567
792
1022
589
816
1046
629
857
1083
667
893
1117
705
931
516
744
976
556
783
1007
607
836
1060
647
874
1099
669
895
1122
709
934
521
749
975
560
786
1013
597
825
1054
639
861
1085
687
910
1137
722
946
526
744
971
556
783
1008
593
821
1048
632
857
1082
669
897
1122
707
935
1161
759
987
573
803
1028
597
821
1050
637
859
1084
671
895
1123
1350
936
528
752
989
566
789
1015
615
841
1063
730
875
1102
674
898
1124
712
940
525
749
975
562
790
1014
600
825
1050
638
862
1088
690
918
1143
727
955
526
754
980
567
795
1020
607
831
1059
646
872
1097
684
911
497
725
953
552
778
1010
591
816
1041
609
837
1065
650
875
1100
687
915
499
724
949
534
762
987
572
797
1025
625
850
1076
665
892
1116
689
916
502
728
953
539
763
988
575
803
1030
616
841
1068
653
878
1102
704
941
513
740
967
540
767
992
577
802
1028
618
843
1068
656
881
1105
692
921
506
732
957
561
785
1012
597
820
1049
617
847
1072
659
885
1109
694
922
506
731
956
541
766
993
579
805
1030
631
860
1089
672
910
1124
694
919
506
731
959
548
775
998
585
812
1035
622
850
1077
663
888
1111
712
934
521
746
971
544
771
995
577
807
1038
618
846
1071
657
885
1107
692
920
505
728
956
558
784
1011
595
832
1050
624
850
1078
659
887
1117
698
927
513
737
964
551
781
1004
594
818
1044
649
870
1095
685
908
1132
705
932
520
747
977
559
786
1014
599
828
1054
638
866
1093
679
908
1131
735
960
547
772
999
570
794
1022
604
831
1059
647
871
1096
681
908
1133
718
943
530
755
982
584
812
1035
624
848
1074
644
871
1095
681
908
1134
723
948
557
759
986
576
798
1027
613
835
1062
662
889
1115
699
924
1153
721
948
535
763
990
577
805
1032
619
846
1069
654
881
1108
692
918
1143
743
968
555
781
1005
575
801
1027
614
839
1067
655
877
1102
690
915
1140
731
950
537
765
994
595
819
1047
629
854
1082
649
877
1105
687
912
1139
723
953
536
763
991
578
804
1030
617
842
1067
669
896
1122
709
933
1159
730
958
543
769
995
580
805
1032
619
847
1074
659
885
1113
698
923
1149
748
974
560
785
1009
580
806
1034
622
847
1073
659
886
1111
696
921
1149
736
963
549
775
1002
604
829
1057
644
875
1094
666
894
1121
706
932
1157
744
972
558
782
1021
596
823
1051
637
865
1091
690
918
1143
728
954
526
754
978
564
788
1013
599
823
1050
636
862
1090
672
898
1122
710
937
537
763
991
576
802
1028
599
823
1050
635
870
1093
678
903
1130
715
940
525
753
981
565
793
1019
621
847
1073
662
886
1111
680
907
1133
717
946
533
759
985
570
796
1020
607
832
1058
646
870
1100
702
929
1156
745
967
540
768
995
597
809
1035
622
847
1072
657
884
1112
699
924
1151
739
970
567
793
1021
606
834
1063
641
857
1084
669
897
1127
710
937
524
751
976
559
789
1013
598
824
1050
653
875
1102
686
912
1141
713
938
526
752
980
566
793
1017
605
830
1058
648
873
1100
686
912
1138
740
966
550
777
1005
577
805
1029
617
843
1068
655
881
1106
691
918
1144
731
959
543
769
996
598
824
1051
636
864
1089
661
886
1110
698
925
514
740
965
552
779
1002
590
815
1039
625
850
1076
678
902
1130
719
942
513
743
965
552
778
1008
588
814
1040
625
851
1078
662
887
1112
698
924
527
753
977
564
791
1016
586
811
1038
625
849
1085
665
889
1116
704
927
513
737
964
551
777
1003
606
1458
1058
643
871
1099
667
893
1122
710
935
519
746
972
560
784
1012
596
822
1049
634
1502
1091
689
914
500
726
952
523
750
976
563
791
1015
599
827
1055
639
868
1093
680
907
493
717
945
545
773
1000
586
814
1039
607
831
1053
640
865
1093
678
908
493
1360
949
532
758
984
572
798
1023
622
850
1077
661
897
1118
687
912
499
724
951
536
763
991
576
802
1027
612
843
1064
646
872
1099
700
924
512
737
961
532
757
983
567
792
1016
603
831
1056
642
867
1094
677
895
489
716
944
544
768
993
580
806
1033
603
830
1058
640
870
1094
681
904
489
715
939
525
755
977
564
787
1013
613
840
1067
655
880
1106
678
905
490
715
940
525
747
977
561
786
1015
599
825
1052
640
839
1085
685
912
498
723
950
518
746
971
558
788
1008
594
818
1043
628
853
1080
669
1535
1119
701
932
534
764
990
575
803
1027
600
825
1050
635
863
1732
675
900
486
714
941
525
751
976
560
788
1016
616
839
1065
650
875
1101
669
895
478
707
932
518
747
973
559
784
1011
597
823
1049
635
862
1089
688
914
501
727
952
523
748
973
562
786
1010
598
822
1050
637
851
1076
667
894
481
706
935
536
761
986
569
794
1019
592
818
1046
1273
861
1088
1315
904
489
717
942
529
763
984
571
798
1027
1253
857
1082
668
1536
468
693
919
507
735
960
545
773
1000
587
814
1042
625
850
1077
664
889
491
716
944
529
758
983
554
778
1008
593
821
1048
634
860
1087
673
897
485
710
937
523
747
975
576
804
1029
613
839
1067
641
864
1088
677
915
488
713
937
531
753
980
569
795
1019
606
833
1059
659
884
471
696
924
494
719
944
532
759
986
574
799
1027
614
839
1064
650
878
464
691
918
520
748
971
558
784
1008
578
803
1028
616
838
1066
650
873
461
687
911
501
726
954
539
764
991
590
816
1042
630
857
1082
655
882
467
693
922
509
734
961
548
773
1001
586
811
1035
624
851
1075
678
905
492
718
944
512
739
964
553
779
1005
592
817
1045
644
857
1082
668
893
481
710
935
535
761
985
571
794
1019
591
815
1040
625
850
1075
661
888
474
700
925
511
735
959
545
769
996
597
826
1052
637
865
1096
662
886
477
703
930
513
737
963
548
772
999
583
810
1040
624
854
1080
682
919
496
722
950
519
746
975
559
786
1014
601
827
1054
639
867
454
681
908
496
722
946
547
774
1001
590
815
1043
615
844
1067
655
880
468
696
921
507
735
960
545
771
997
585
811
1036
637
864
1092
678
906
473
699
926
513
739
966
553
781
1008
596
821
1046
633
860
1085
673
901
503
728
955
544
771
995
565
793
1018
604
831
1056
640
867
1094
683
909
500
722
947
533
757
985
585
810
1038
625
852
1077
650
878
1105
694
920
508
734
960
546
772
998
584
809
1033
621
849
1073
676
902
490
717
951
513
738
966
554
784
1004
589
817
1042
626
851
1080
666
901
479
707
931
534
761
988
576
801
1027
599
824
1049
635
861
1084
669
894
1123
710
937
525
752
977
565
789
1017
618
846
1075
661
887
1112
682
907
1132
719
944
530
759
981
569
797
1021
606
835
1062
648
876
1103
700
926
1151
739
966
536
762
987
572
796
1022
607
834
1100
643
869
1094
682
905
1134
717
942
544
769
997
582
806
1034
610
833
1060
645
874
1096
682
907
1135
719
948
535
757
986
573
780
1008
607
833
1059
644
872
1099
669
897
1124
709
938
524
753
978
562
787
1015
602
829
1053
642
866
1093
696
921
1149
737
961
532
759
986
572
800
1026
614
839
1063
650
878
1101
686
914
1138
726
951
551
778
1002
589
815
1040
611
837
1064
651
876
1103
690
918
1145
732
960
551
778
1003
582
806
1031
632
858
1086
674
901
1127
698
927
1151
738
967
553
778
1003
588
816
1041
628
853
1078
668
894
1121
722
945
531
758
983
555
781
1008
594
821
1046
634
860
1084
668
893
1121
708
936
519
746
970
574
801
1028
1255
843
1071
642
872
1094
681
908
1135
720
948
535
760
985
570
797
1024
613
837
1067
669
894
1119
706
931
506
732
956
539
764
993
577
802
1029
614
840
1069
652
880
1111
686
915
514
738
963
550
778
1005
575
803
1027
615
843
1066
649
874
1101
690
914
500
730
952
540
766
995
591
819
1042
630
869
1084
654
882
1107
695
920
505
732
958
543
769
993
580
816
1032
619
848
1073
675
903
1128
716
942
515
740
968
552
778
1006
592
820
1045
633
858
1085
678
899
1127
714
940
542
768
993
577
805
1032
603
828
1053
640
868
1093
679
905
490
716
943
530
756
981
569
793
1019
621
849
1074
661
889
1113
685
910
498
723
948
533
758
986
573
799
1023
610
836
1063
650
876
1103
704
930
517
742
967
539
762
990
577
804
1029
617
841
1066
653
879
1106
694
923
509
734
964
566
791
1015
599
826
1053
623
852
1074
660
889
1115
702
930
515
741
970
554
782
1009
594
822
1046
646
870
1099
684
911
481
708
931
516
741
965
553
778
1002
588
812
1041
625
852
1078
666
890
1117
720
947
535
759
985
555
783
1008
594
822
1050
638
865
1092
678
901
489
715
942
530
756
986
584
810
1037
624
852
1077
651
876
1103
687
915
500
725
951
538
766
995
578
805
1033
618
844
1068
668
896
481
708
935
508
737
961
548
774
1001
587
815
1043
628
853
1080
665
890
1115
701
926
528
754
979
564
791
1019
590
817
1044
631
859
1094
669
894
481
709
934
519
747
974
561
789
1016
623
843
1071
661
886
1111
686
909
496
727
949
1174
762
984
570
800
1025
612
838
1063
648
872
1098
700
926
513
740
966
537
763
990
585
806
1033
620
850
1070
656
882
470
697
924
510
738
963
565
792
1020
607
843
1084
638
860
1083
668
896
483
710
1575
520
746
970
558
792
1013
598
823
1050
650
877
1103
690
917
488
715
941
528
755
983
567
795
1022
607
837
1062
650
877
1102
687
912
512
738
965
553
780
1005
575
802
1030
615
839
1067
659
879
1107
694
922
509
737
962
549
775
1041
602
827
1052
636
861
1088
660
890
1113
700
936
511
741
964
546
772
998
582
807
1032
621
844
1072
672
900
1125
712
940
1165
735
960
543
769
996
579
803
1032
621
849
1074
662
889
1115
701
929
532
762
988
575
801
1027
598
825
1050
635
860
1087
674
900
1128
714
942
529
754
979
564
793
1016
619
842
1068
651
874
1103
673
903
1129
712
943
526
752
976
564
788
1017
603
835
1059
644
870
1095
697
925
1149
736
958
531
756
983
568
795
1023
611
835
1060
647
872
1097
685
911
1135
720
950
551
778
1003
588
825
1041
610
835
1062
647
874
1098
684
910
1135
722
948
537
762
984
572
799
1024
627
851
1077
661
890
1116
690
916
1140
728
952
539
765
990
578
805
1032
619
847
1075
662
887
1112
714
942
530
754
980
550
774
1009
586
811
1036
621
850
1076
662
888
1123
702
929
514
741
969
571
797
1022
609
833
1059
631
859
1084
671
900
1122
712
937
523
753
979
567
795
1022
607
835
1060
658
885
1110
698
923
493
717
945
532
762
985
571
799
1027
610
837
1062
650
877
1102
690
914
1140
740
968
553
782
1007
580
807
1035
619
844
1072
657
882
1108
692
918
502
1371
957
544
772
996
599
823
1051
639
867
1091
662
888
1112
698
924
512
737
965
553
780
1006
594
819
1044
629
854
1080
680
906
1131
714
940
509
736
960
545
771
998
584
813
1038
626
855
1082
670
894
1124
708
935
536
765
991
579
806
1034
606
833
1059
645
871
1096
683
910
1138
1363
950
538
764
990
578
803
1030
631
858
1084
669
894
1118
688
914
502
728
958
542
770
997
583
810
1038
625
852
1078
663
889
1116
718
946
535
757
984
553
778
1006
593
818
1046
633
859
1086
674
899
1125
710
937
524
750
977
577
802
1028
614
842
1069
640
865
1093
679
904
1131
719
944
531
756
989
569
796
1021
609
834
1059
661
889
1116
703
929
1154
726
951
536
764
990
574
802
1029
616
842
1067
653
880
1105
691
917
1144
743
967
551
779
1006
577
801
1029
616
839
1069
654
879
1116
691
916
1142
729
954
542
769
997
599
824
1052
636
862
1089
662
887
1115
702
929
1152
739
965
552
778
1006
589
817
1044
629
857
1082
681
908
1133
720
944
1170
744
973
550
775
999
587
812
1039
627
854
1080
664
889
1115
700
927
1154
757
982
567
794
1019
586
807
1035
622
846
1072
659
885
1111
695
924
1791
735
960
546
771
998
600
826
1053
641
869
1094
664
892
1117
702
929
1157
742
967
551
779
1006
591
818
1043
624
1496
1079
681
909
1134
689
908
1132
705
934
1158
742
969
557
784
1013
597
822
1047
634
858
1085
673
897
1121
724
950
1173
763
988
560
786
1014
600
839
1051
636
860
1088
673
901
1126
713
940
1165
752
978
577
802
1029
617
842
1070
640
864
1093
676
903
1131
716
940
1168
754
980
564
791
1017
602
828
1055
657
885
1110
698
924
1151
724
951
1176
766
994
581
809
1032
619
843
1067
654
882
1109
695
920
1145
744
970
557
785
1010
588
813
1038
625
852
1080
665
891
1115
703
928
1153
741
968
1194
779
1004
605
829
1058
645
869
1098
666
895
1119
705
930
1155
738
967
555
779
1007
594
819
1046
631
860
1085
688
913
1140
728
953
1189
753
977
563
790
1041
605
831
1058
643
872
1098
683
910
497
723
947
549
777
1005
592
819
1047
619
847
1071
661
886
1111
700
927
511
739
967
551
778
1006
593
819
1044
646
873
1101
686
910
1136
709
936
524
749
976
561
788
1016
601
828
1056
642
871
1098
686
912
513
737
966
553
778
1009
573
798
1026
607
832
1058
645
876
1095
682
922
497
722
950
535
760
987
590
818
1045
630
858
1074
647
873
1101
687
911
497
722
948
533
757
985
572
798
1025
612
838
1064
663
888
473
699
925
498
721
947
534
766
988
574
802
1025
613
842
1065
653
881
1105
690
920
520
744
969
556
782
1006
576
803
1030
618
845
1075
657
884
474
697
925
508
735
960
545
773
1000
600
827
1057
640
865
1089
662
886
472
696
923
509
734
959
548
774
1000
587
814
1038
624
849
1074
674
902
1125
709
936
507
732
957
544
769
995
582
816
1037
624
851
1078
663
889
1114
701
926
527
756
981
568
794
1022
591
817
1042
628
852
1081
665
893
480
706
931
517
747
970
556
785
1006
609
834
1059
646
872
1099
669
896
483
708
936
521
745
969
557
789
1010
594
820
1050
631
860
1084
685
913
498
721
948
518
742
968
556
780
1006
593
822
1051
634
859
1084
670
895
1119
704
930
531
756
981
568
795
1023
593
819
1047
633
857
1088
672
900
484
710
935
520
746
972
558
783
1010
612
840
1065
650
879
445
673
900
488
717
940
526
755
992
567
792
1017
603
827
1052
639
865
1091
691
917
504
729
957
529
754
981
567
796
1023
606
834
1058
646
869
1094
678
907
494
719
948
549
774
1001
589
815
1044
618
848
1069
651
881
1107
693
918
504
732
961
544
771
999
585
813
1040
645
872
1095
680
905
1136
706
934
520
748
974
559
783
1010
596
821
1046
634
862
1087
674
902
1129
732
956
545
780
1010
567
793
1021
607
837
1059
645
872
1099
683
912
1136
728
951
1175
761
989
595
817
1041
624
854
1082
654
878
1103
692
918
1145
728
953
540
764
993
582
806
1032
619
846
1073
674
898
1124
711
934
504
733
960
547
773
1000
581
811
1034
623
850
1078
662
888
1118
706
932
1154
755
983
568
791
1015
590
814
1043
627
854
1079
667
897
1121
706
934
523
749
976
563
788
1016
617
842
1067
650
879
1106
678
905
1129
716
942
529
754
981
565
791
1018
602
831
1057
642
870
1095
697
920
1143
734
958
531
753
981
569
796
1022
605
832
1059
647
871
1098
687
913
1140
723
953
552
780
1005
590
815
1041
612
842
1070
651
879
1105
691
918
1145
733
962
547
773
1000
588
809
1038
641
867
1093
682
908
1140
710
934
519
748
973
560
795
1015
600
820
1045
650
858
1082
671
897
1132
730
954
540
767
994
564
795
1022
608
835
1059
643
871
1098
684
911
1140
723
949
533
758
986
587
809
1042
624
854
1080
651
876
1103
685
913
501
724
953
535
765
990
576
803
1030
616
842
1064
667
892
1116
702
932
1157
728
957
549
769
997
583
804
1032
621
845
1077
662
898
1116
699
1569
530
757
982
572
797
1025
596
821
1051
637
862
1091
679
904
491
716
941
523
753
976
562
789
1016
619
844
1067
656
883
1107
678
906
491
721
949
536
781
988
575
801
1024
609
837
1063
649
876
1104
704
931
520
744
969
543
770
992
579
806
1035
622
849
1077
659
890
1114
698
928
512
742
976
572
796
1019
607
829
1057
633
857
1082
667
893
1123
707
930
520
745
972
560
782
1017
601
824
1052
649
877
1102
687
913
1148
712
945
538
751
973
564
787
1015
600
826
1052
636
867
1093
680
907
511
737
966
549
774
1003
571
796
1024
611
840
1064
652
881
1104
693
920
503
730
957
543
769
994
596
1449
1050
638
865
1090
665
891
1119
701
932
517
740
969
556
781
1007
592
815
1040
629
852
1082
681
909
498
722
951
524
746
974
559
785
1010
595
826
1048
637
873
1088
676
899
488
715
941
543
783
988
574
802
1026
597
829
1051
638
865
1094
681
910
493
721
945
530
761
984
569
796
1021
622
850
1077
662
887
1115
684
909
497
724
949
535
762
987
573
798
1025
609
837
1063
647
874
479
704
931
517
744
967
537
764
990
576
798
1030
616
843
1069
655
886
469
695
924
507
732
960
564
791
1018
605
828
1055
624
852
1079
664
889
484
699
941
513
739
965
553
777
1002
589
813
1042
643
869
1097
683
909
478
706
928
520
746
973
558
784
1011
596
824
1053
640
868
1097
682
908
510
736
961
549
771
1001
566
802
1020
605
835
1060
648
874
1099
685
913
497
726
950
536
768
988
589
813
1044
626
851
1078
650
879
1097
683
911
1137
724
950
532
761
987
571
795
1022
609
832
1063
661
887
1116
703
926
501
721
948
537
763
989
575
799
1025
612
838
1063
645
874
1098
680
908
1136
737
963
547
775
1001
573
796
1020
608
830
1057
646
865
1094
679
907
1129
718
945
528
754
979
580
800
1031
619
844
1071
641
867
1096
682
911
499
724
950
538
765
991
578
804
1029
613
842
1067
671
897
1125
708
934
1157
730
956
540
770
994
584
811
1035
624
851
1074
662
889
1118
700
929
1158
758
985
571
796
1024
656
821
1048
635
859
1090
677
902
1132
719
939
523
752
978
566
792
1018
619
844
1069
655
877
1106
675
905
1131
715
943
528
753
977
563
791
1017
605
832
1056
644
870
1119
701
927
1153
741
967
536
763
994
1217
802
1028
617
844
1071
656
882
1108
694
920
1144
729
968
562
787
1012
599
826
1054
624
851
1075
668
890
1118
704
930
517
744
969
571
781
1007
590
819
1044
644
871
1100
687
915
1140
711
948
521
746
975
561
788
1013
601
830
1056
638
865
1090
675
903
1128
733
960
540
767
996
568
795
1676
606
833
1060
647
875
1102
687
915
504
732
956
543
765
993
591
818
1043
627
855
1081
654
878
1105
694
922
504
727
960
543
770
995
582
807
1036
624
852
1076
678
909
1135
721
948
518
748
975
562
792
1012
597
825
1049
637
861
1089
676
902
1126
710
935
536
759
989
573
801
1028
597
826
1053
641
863
1092
678
903
1130
715
939
530
755
981
572
791
1016
619
843
1069
658
880
1106
677
900
1128
713
937
526
752
978
564
791
1018
605
828
1057
645
868
1098
701
926
1154
740
964
537
759
986
572
797
1024
609
834
1057
644
869
1097
683
910
1137
722
948
546
774
998
584
810
1035
603
832
1059
645
873
1098
686
911
499
724
946
534
761
990
575
804
1031
631
853
1080
666
891
1115
686
911
1138
743
949
534
759
1636
571
799
1024
611
835
1068
646
872
1093
695
920
503
730
958
531
759
981
570
795
1021
608
834
1062
648
873
1101
687
913
498
727
953
555
780
1005
591
816
1041
612
845
1068
654
883
470
693
920
506
731
958
544
770
992
578
804
1036
630
856
1084
670
898
467
696
918
503
730
960
545
775
1000
583
809
1037
624
848
1077
664
890
1117
718
947
530
758
987
559
782
1008
593
824
1048
635
864
1088
676
903
490
717
945
529
759
984
585
814
1041
626
866
1081
653
884
1111
700
929
510
737
963
545
771
997
583
820
1033
622
851
1077
679
907
491
719
945
513
739
969
552
792
1006
593
823
1048
635
863
1088
676
901
489
717
940
542
767
996
578
805
1034
603
829
1054
640
867
1090
685
904
492
715
944
534
781
987
570
796
1023
622
849
1077
663
890
458
688
911
500
728
953
537
762
989
577
801
1031
616
846
1070
660
885
489
716
942
524
752
977
547
772
995
582
809
1039
619
846
1072
662
881
1106
691
918
1141
726
953
553
781
1010
593
819
1047
619
845
1068
653
883
1108
692
915
1144
731
956
541
770
995
584
808
1037
638
865
1090
677
902
1130
698
925
1153
732
959
545
773
998
581
807
1032
615
841
1065
653
880
1105
704
932
1158
749
974
544
769
999
582
808
1033
618
843
1067
651
878
1105
693
913
1143
727
965
1179
782
1008
595
821
1045
615
845
1069
659
884
1111
697
927
1156
739
965
1189
777
1004
590
1458
1047
645
872
1096
682
908
1137
707
936
1158
721
948
1173
759
987
571
799
1038
613
841
1065
649
882
1745
703
930
1157
744
970
1199
769
997
1224
808
1032
623
848
1069
655
881
1104
694
919
1145
732
957
1188
791
1018
1248
833
1059
632
859
1086
673
905
1125
712
942
1169
755
979
1206
793
1020
604
838
1057
655
883
1110
696
918
1150
721
947
1171
759
987
1214
798
1024
611
834
1063
650
877
1106
692
918
1145
750
974
1199
783
1015
1239
809
1035
620
844
1068
655
881
1104
691
917
1142
732
958
1181
770
996
597
819
1049
638
856
1084
664
879
1108
688
915
1135
721
953
1172
760
983
573
799
1024
608
833
1059
656
882
1107
694
918
1145
721
941
1169
754
984
566
794
1021
607
831
1061
645
871
1093
679
905
1130
731
956
542
768
993
565
791
1019
602
827
1055
637
865
1089
676
903
1131
714
944
1174
1413
983
586
809
1038
625
853
1080
649
875
1101
688
915
1140
725
950
543
768
995
581
809
1035
620
844
1068
670
898
1123
709
933
1161
732
959
549
784
999
585
814
1039
625
848
1075
658
888
1112
696
923
1148
753
979
566
792
1019
589
813
1040
626
854
1080
666
893
1119
707
936
521
747
973
560
785
1013
615
842
1068
655
879
1108
682
910
1134
722
947
535
759
989
569
796
1024
610
835
1059
644
869
1095
697
924
1150
736
960
532
756
986
572
799
1032
609
834
1061
649
873
1098
686
911
1135
720
946
549
775
1004
590
813
1039
614
837
1064
654
879
1107
690
919
1144
731
957
542
769
994
582
805
1032
633
857
1085
669
899
1125
698
925
510
735
959
544
769
995
583
806
1034
620
845
1073
659
886
1109
709
938
1165
753
976
551
786
1001
589
816
1039
625
851
1081
666
890
1116
699
927
513
736
964
565
791
1016
603
830
1048
617
844
1070
654
880
1106
691
918
1144
730
957
542
770
993
578
805
1028
630
858
1084
669
1538
1124
698
923
1151
733
963
546
770
997
581
808
1037
621
843
1071
653
883
1106
705
933
1158
743
971
539
764
989
576
803
1032
618
843
1072
657
881
1107
695
923
1146
733
960
561
788
1014
602
828
1056
626
850
1094
666
895
1121
711
931
516
744
969
555
784
1008
595
822
1049
649
875
1105
690
912
1140
713
937
525
746
975
559
782
1011
598
825
1049
633
864
1085
672
899
1123
721
950
534
762
987
556
783
1009
595
820
1049
635
859
1087
671
897
1124
712
936
1164
751
976
578
803
1028
613
839
1061
634
862
1086
673
899
1124
709
936
521
746
971
558
774
999
584
813
1035
638
863
1091
676
902
1130
701
924
510
734
961
550
773
998
586
808
1035
622
850
1074
662
887
1113
717
939
530
756
983
554
782
1009
595
822
1045
634
856
1084
670
895
1121
710
934
520
745
968
570
799
1026
648
838
1064
635
861
1086
672
899
1124
709
936
520
749
973
557
785
1013
600
833
1052
653
875
1106
691
914
481
712
939
523
750
979
565
788
1015
604
827
1052
641
866
1092
693
905
505
733
956
545
780
999
573
799
1027
613
841
1068
654
884
1107
693
917
506
729
967
541
765
988
595
818
1042
643
854
1081
650
875
1104
692
918
501
726
955
538
766
992
591
804
1035
622
848
1076
676
901
486
709
935
506
732
960
544
772
998
585
811
1038
627
847
1077
662
892
474
703
931
531
755
982
569
794
1020
596
824
1048
633
859
1084
675
897
481
709
932
519
756
971
553
781
1009
617
838
1066
647
875
1105
677
903
491
718
944
529
757
982
570
796
1022
609
836
1062
650
873
1100
701
924
511
763
962
534
761
986
573
798
1025
611
834
1058
646
871
1097
685
907
1136
719
948
547
777
1000
590
815
1037
608
835
1057
657
870
1097
679
905
492
716
944
531
757
980
565
791
1017
618
847
1070
653
880
1114
677
901
491
718
942
531
759
983
571
799
1025
610
833
1061
645
872
1097
700
928
513
731
961
531
756
981
565
794
1019
604
829
1066
639
861
1091
678
904
488
717
940
545
765
995
582
805
1029
604
830
1053
639
871
1094
675
901
483
711
939
524
753
978
567
790
1018
619
861
1072
657
883
1110
1335
905
497
722
946
540
758
985
571
804
1021
606
834
1060
649
875
477
703
933
517
740
965
538
763
992
578
803
1032
615
842
1069
654
881
1107
692
919
502
728
955
557
780
1008
594
821
1054
623
845
1072
662
884
471
699
923
510
733
962
546
772
1005
590
816
1040
644
866
1096
684
910
481
710
936
517
744
973
556
784
1012
598
822
1052
