210
1297
1257
625
1273
1282
696
676
669
1286
1279
1289
1922
1910
1924
1325
503
496
1142
1139
1146
1811
1757
1767
1169
363
1013
1006
1014
1649
1640
1646
1036
231
224
874
867
860
1510
1503
1513
915
95
726
720
714
1363
1346
1347
2014
2010
2004
1402
603
589
1218
1255
1247
1880
1870
1863
1277
460
1113
1091
1101
1701
1728
1723
1142
315
313
963
973
965
1601
1610
1601
1006
182
835
824
835
1472
1466
1477
876
73
68
683
693
690
1319
1334
1310
1977
1972
1374
568
558
1214
1203
1214
1851
1845
1835
1243
437
430
1064
1073
1068
1696
1696
1114
309
290
935
947
936
1574
1584
1577
981
161
166
799
814
809
1443
1444
856
37
45
663
657
653
1302
1295
1306
1955
1963
1959
1362
554
1185
1185
1165
1825
1825
1832
1235
411
406
1060
1054
1048
1682
1675
1670
1089
268
262
939
924
1556
1566
1560
963
156
152
783
796
791
1441
1435
1429
846
22
645
639
649
1284
1289
1286
1938
1948
1942
1345
526
529
1169
1174
1172
1807
1800
1203
398
392
1043
1038
1027
1665
1651
1653
1072
251
242
910
897
916
1550
1544
946
137
136
785
781
774
1405
1418
1414
825
7
1
624
10
628
1262
1268
1922
1932
1927
1340
508
518
1151
1162
1156
1791
1801
1787
1195
377
387
1021
1060
1019
1643
1630
1072
1635
1062
883
962
932
1566
1575
1570
974
116
896
1595
758
1408
1398
1396
795
-5
-11
622
619
626
1261
1243
605
1915
1909
1916
1322
501
1152
1140
1140
1774
1783
1774
1181
364
371
1001
1014
1015
1627
1643
1068
237
251
906
906
921
1560
1571
1589
996
163
172
815
829
1468
1465
1463
871
66
78
702
700
711
1348
1362
2014
2014
2007
1428
609
607
1243
1251
1252
1900
1900
1897
1297
499
1135
1143
1143
1761
1745
1769
1174
355
366
1017
1013
1025
1660
1672
1076
256
252
919
899
911
1546
1542
1533
953
137
149
768
779
775
1410
1421
2073
2065
2080
1483
662
658
1293
1305
1298
1942
1945
1953
1357
540
1168
1187
1191
1799
1813
1808
1213
391
399
1053
1065
1060
1687
1702
1061
1104
299
931
931
942
1574
1574
1582
986
185
179
802
810
809
1448
1455
2123
2102
2116
1515
699
690
1344
1355
1335
2002
1982
1994
1400
577
572
1224
1219
1839
1850
1844
1267
446
440
1092
1104
1099
1750
1745
1736
1161
340
975
986
983
1617
1612
1612
1029
223
214
840
849
844
1495
1491
1467
2153
2144
1553
733
727
1378
1374
1385
2024
2012
2024
1431
610
621
1257
1252
1871
1882
1878
1301
477
472
1139
1134
1129
1781
1776
1771
1191
371
1007
1018
1012
1645
1658
1652
1058
237
250
884
879
873
1521
1520
1515
2182
2176
1581
756
748
1399
1401
1413
2046
2059
2054
1458
654
2055
2099
1278
1289
1908
1905
1324
503
498
1161
1160
1155
1806
1804
1829
1232
396
391
1058
1038
1688
1683
1678
1082
273
1679
1723
902
899
1549
1545
1539
2206
2197
1605
784
791
1430
1442
1437
2088
2083
2078
1482
661
673
1308
1302
1314
1933
1944
1343
528
538
1186
1184
1195
1831
1824
1838
1224
420
415
1066
1061
1072
1707
1701
1106
302
293
932
928
938
1573
1564
1579
2230
2225
2216
1624
819
1470
1466
1462
2112
2090
2099
1497
678
689
1317
1314
1321
1939
1308
1941
1359
536
1186
1179
1189
1821
1815
1824
1227
400
398
1047
1041
1051
1684
1673
1682
1081
282
900
894
904
1536
1530
1542
2191
2176
2195
1598
772
771
1419
1409
1423
2057
2067
1469
650
640
1275
1286
1277
1898
1908
1902
1324
500
494
1160
1154
1147
1798
1792
1782
1189
385
1018
1028
1022
1656
1651
1661
1064
260
252
879
865
891
1525
1519
2160
2165
2175
1578
753
751
1401
1395
1406
2040
2035
2029
1448
627
621
1272
1266
1884
1895
1889
1308
487
481
1148
1158
1137
1772
1782
1777
1195
374
1007
1019
1015
1649
1659
1652
1057
252
246
881
875
869
1520
1516
1509
2176
2172
1573
768
762
1397
1407
1402
2038
2034
2042
1445
624
635
1269
1264
650
1893
1887
1298
485
496
1147
1141
1149
1788
1781
1791
1195
374
385
1020
1014
1024
1659
1653
1073
268
262
882
876
886
1522
1517
1526
2177
2171
2179
1585
764
1399
1410
1420
2056
2050
2046
1448
627
634
1272
1283
1277
1892
1267
1902
1321
500
1151
1145
1156
1790
1785
1796
1200
374
387
1024
1019
1027
1659
1653
1643
1060
252
869
861
868
1503
1494
1504
2149
1486
2150
1551
728
716
1369
1361
1354
2003
1995
1397
590
583
1216
1226
1217
1838
1827
1836
1254
430
424
1074
1080
1075
1720
1719
1121
294
306
940
933
942
1572
1569
1578
980
176
167
785
794
791
1421
1414
2078
2073
2083
1485
663
657
1307
1301
1295
1944
1938
1931
1349
528
521
1171
1161
1176
1789
1787
1205
385
372
1026
1036
1030
1679
1675
1666
1086
265
258
908
902
897
1530
1540
943
121
131
767
758
753
1396
1397
1394
2051
2050
2045
1447
623
1276
1270
1265
1914
1908
1917
1320
499
506
1145
1141
1149
1781
1760
1770
1188
351
1017
1011
1006
1658
1650
1660
1063
242
236
870
880
890
1526
1519
1512
931
110
744
734
733
1384
1377
1371
2037
2033
2026
1429
623
618
1253
1262
1256
1904
1901
1305
498
493
1127
1121
1131
1749
1760
1754
1158
335
346
988
1006
996
1634
1645
1048
230
223
874
865
877
1510
1505
1514
917
112
106
724
719
730
1364
1373
2024
2018
2029
1431
610
605
1255
1249
1260
1895
1888
1898
1304
485
1121
1135
1131
1751
1764
1761
1182
364
359
1027
1024
1020
1675
1671
1666
1068
267
904
917
912
1548
1562
1557
961
158
155
776
771
782
1419
1431
2083
2077
2073
1494
674
669
1318
1317
1310
1964
1960
1972
1376
556
1191
1203
1215
1819
1830
1830
1246
426
421
1090
1084
1079
1732
1726
1130
326
321
961
954
955
1595
1610
1605
1011
205
201
835
831
825
1477
1472
2123
2119
2130
1536
716
708
1361
1372
1366
2017
2013
2007
1411
594
1225
1217
1223
1851
1865
1858
1277
459
451
1119
1113
1095
1759
1754
1746
1148
361
983
997
990
1641
1635
1632
1034
232
224
843
858
849
1500
1496
2146
2142
2152
1555
735
745
1382
1375
1386
2023
2017
2027
1431
610
621
1253
1251
1261
1885
1876
1295
474
472
1136
1131
1128
1777
1778
1767
1186
366
361
1012
1006
1657
1655
1647
1051
246
241
237
872
866
1501
1530
1512
2173
2168
1571
751
762
1396
1407
1402
2037
2032
2034
1446
625
632
1272
1282
1276
1900
1894
1310
488
501
1150
1145
1156
1792
1786
1780
1195
380
373
1024
1019
1672
1666
1675
1077
255
266
883
877
887
1522
1519
1528
2175
2170
1574
751
760
1394
1404
1399
2033
2042
2037
1439
635
627
1262
1272
1268
1888
1894
1312
475
486
1135
1133
1141
1776
1784
1778
1181
362
370
1006
1015
1009
1659
1639
1057
252
245
864
858
852
1504
1497
1512
2159
2168
2163
1566
745
740
1389
1383
2018
2028
2026
1426
621
618
1266
1260
1255
1874
1875
1878
1301
481
462
1127
1131
1766
1776
1771
1174
369
363
999
1009
1003
1637
1648
1646
1042
241
875
873
865
1502
1494
1505
2155
2150
2159
1563
742
752
1387
1383
1376
2028
2020
1424
621
614
1266
1258
1253
1887
1885
1877
1297
475
470
1136
1130
1781
1776
1770
1173
369
363
1013
1011
1002
1653
1648
1642
1046
241
207
870
864
1499
1494
1505
2156
2150
2162
1564
743
751
1394
1391
1393
2028
2023
2033
1420
613
1266
1260
1256
1890
1901
1879
1302
477
488
1139
1133
1128
1779
1773
1176
371
366
1016
1011
1007
1656
1651
1645
1048
244
254
859
867
866
1516
1507
2158
2168
2163
1566
763
756
1390
1402
1398
2046
2044
2036
1439
618
1269
1279
1274
1890
1883
1879
1299
475
467
1133
1127
1138
1770
1766
1774
1174
355
1005
994
993
1641
1635
1629
1032
226
236
854
852
857
1491
1502
1495
2148
2139
1558
720
726
1365
1374
1368
2018
2012
2023
1409
603
598
1231
1241
594
1869
1868
1266
447
457
1121
1116
1109
1743
1756
1749
1152
330
340
971
985
979
1614
1622
1025
221
213
832
828
836
1471
1459
1470
2124
2135
2129
1532
710
720
1355
1361
2000
1993
2003
1407
586
572
1230
1225
1217
1853
1847
1845
1261
439
1105
1099
1094
1744
1095
1734
1151
329
325
972
970
964
1615
1609
1620
1023
204
832
830
842
1476
1469
1463
2130
2124
2118
1521
701
713
1345
1356
1990
1999
1994
1397
576
569
1221
1231
1229
1844
1843
1849
1252
431
441
1092
1102
1740
1730
1741
1144
323
317
968
963
956
1607
1602
1611
1014
194
203
822
832
1468
1463
1472
2122
2134
2127
1513
709
720
1354
1350
1359
1993
1988
1982
1993
1396
1218
1209
1220
1839
1852
1843
1266
441
436
1086
1096
1090
1729
1735
1120
317
329
963
957
970
1602
1596
1606
1009
188
199
818
830
823
1461
1454
2118
2113
2107
1527
722
701
1352
1349
1355
1992
1989
1981
1400
580
574
1227
1219
1839
1857
1859
1265
441
436
1100
1097
1092
1743
1737
1732
1134
331
324
960
970
1607
1615
1609
1013
208
202
837
832
826
1461
1455
1466
2133
2127
1531
709
720
1356
1350
1361
1995
1989
2000
1405
582
577
1227
1238
1235
1852
1845
1256
447
441
1105
1099
1110
1741
1739
1749
1137
332
328
977
987
966
1617
1612
1014
211
219
839
833
830
1460
1473
1467
2133
2129
2138
1526
720
1355
1365
1361
1998
2005
1991
1403
582
592
1227
1221
1234
1854
1861
1855
1274
453
1104
1098
1109
1745
1738
1749
1154
334
328
976
970
981
1616
1611
1030
209
219
842
833
845
1462
1472
1487
2133
2143
2141
1541
720
1372
1365
1362
2010
2004
1999
1402
583
591
1226
1236
1230
1849
1860
1858
1274
453
1103
1115
1108
1745
1753
1747
1150
329
340
974
985
980
1614
1625
1029
223
217
838
850
845
1479
1490
1480
2131
2144
2135
2130
1534
2135
2178
1357
1993
2002
1996
1400
595
589
1241
1250
1237
1863
1859
1856
1275
449
446
1109
1103
1740
1746
1740
1143
321
331
982
975
969
1603
1615
1609
1027
204
198
832
818
1465
1473
1469
2115
2125
2119
1522
698
710
1345
1338
1349
1983
1973
1396
590
568
1219
1213
1226
1844
1840
1832
1252
431
438
1087
1082
1093
1726
1720
1123
334
312
962
956
951
1601
1596
1593
1008
187
197
799
829
1461
1456
1449
2099
2109
2103
1506
701
696
1346
1340
1334
1969
1963
1973
1376
555
566
1200
1197
1829
1840
1836
1257
432
426
1092
1072
1097
1715
1709
1720
1123
303
952
946
942
1593
1586
1580
999
178
189
810
804
811
1463
1440
798
2098
2096
1514
693
687
1338
1332
1327
1963
1972
1982
1369
564
558
1193
1203
1197
1816
1829
1228
428
418
1068
1082
1073
1708
1718
1715
1148
310
304
939
949
1584
1578
1572
988
170
182
799
814
804
1434
1453
1443
2093
2105
2098
2088
1511
1346
1325
1335
1970
1964
1960
1373
556
551
1202
1196
1190
1808
1820
1818
1823
1226
421
1072
1066
1719
1711
1705
1108
303
298
932
942
937
1571
1585
985
180
174
792
807
797
1448
1446
1437
2103
2098
2093
1497
675
1326
1321
1315
1963
1977
1974
1374
554
564
1199
1193
1206
1822
1819
1812
1231
410
1077
1071
1082
1732
1711
1722
1126
304
299
929
944
954
1588
1585
1578
999
176
810
805
818
1451
1449
1456
2106
2100
2112
1514
692
688
1322
1349
1986
1982
1973
1373
555
565
1200
1195
1206
1828
1819
1832
1232
411
423
1072
1084
1720
1712
1725
1114
305
315
951
944
955
1592
1584
1578
997
179
199
806
818
1450
1445
1455
2106
2101
2111
1530
693
688
1338
1333
1343
1983
1972
1375
570
565
1200
1207
1205
1823
1833
1824
1247
426
422
1087
1083
1072
1726
1721
1122
305
313
948
943
953
944
1599
1592
997
174
185
820
814
808
1455
1453
2104
2098
2109
1511
691
677
1338
1346
1341
1975
1970
1980
1384
563
1199
1207
1202
1821
1831
1825
1244
423
436
1084
1078
1089
1723
1721
1730
1117
310
945
955
950
1584
1595
1591
994
187
182
817
807
807
1456
1452
1445
2111
2106
1509
689
699
1349
1345
1338
1988
1983
1979
1379
559
572
1203
559
1209
1844
1842
1258
423
433
1082
1079
1089
1725
1719
1731
1135
314
310
961
956
1607
1603
1616
1017
197
209
822
825
834
1473
1464
1476
2127
2122
1526
705
719
1352
1360
1358
2010
2004
2000
1405
599
593
1230
1239
1235
1854
1865
1272
463
459
1110
1120
1116
1750
1759
1756
1159
338
350
984
979
1630
1625
1636
1039
219
230
848
860
854
1492
1487
1479
2146
2159
1542
738
733
1384
1395
1374
2024
2019
2014
1434
612
603
1242
1253
1247
1884
1878
1297
475
472
1121
1131
1126
1761
1773
1782
1185
348
362
996
1004
999
1650
1645
1049
243
237
856
870
863
1496
1508
1505
2153
2147
2157
1559
756
1391
1386
1396
2031
2025
2021
1423
622
618
1259
1258
1253
1890
1881
1880
1301
476
1138
1136
1131
1784
1776
1771
1174
363
364
999
1010
1020
1647
1651
1658
1060
243
878
874
866
1518
1515
1506
2157
2169
2159
1565
744
755
1389
1384
2036
2029
2040
1444
622
617
1268
1263
617
1891
1906
1898
1297
479
493
1141
1134
1785
1780
1774
1177
373
363
1019
1013
1023
1657
1652
1634
1066
245
880
877
869
1503
1514
869
2159
2170
2164
1561
761
755
1389
1399
1396
2042
2036
1429
617
628
1261
1271
1265
1884
1894
1888
1306
486
478
1129
1139
1133
1767
1762
1179
358
352
1002
1013
1006
1641
1634
1642
1051
242
237
856
853
1498
1497
1507
2153
2147
2158
1561
741
735
1383
1378
1369
2023
2021
2011
1414
608
603
1253
1247
1865
1875
1870
1289
468
462
1128
1123
1117
1770
1761
1756
1146
353
347
998
993
1626
1636
1631
1034
229
1630
1658
853
848
1501
1494
1505
2154
2146
2140
1543
722
1372
1387
1377
2011
2006
2001
1421
598
593
1242
1225
1248
1870
1860
1282
460
455
1119
1113
1096
1762
1758
1763
1167
346
339
990
984
979
1632
1625
1043
222
216
852
844
839
1473
1485
1478
2145
2139
2149
1553
734
1382
1376
1370
2005
2001
2012
1412
591
602
1252
1230
1241
1860
1854
1864
1269
462
1112
1108
1118
1752
1748
1757
1161
357
350
984
978
989
1624
1634
1037
216
228
844
839
853
1483
1480
1488
2139
2134
2143
1546
726
723
1370
1365
1999
2012
2007
1409
603
596
1231
1243
1236
1854
1866
1860
1264
458
1108
1118
1113
1748
1758
1753
1171
352
344
982
990
987
1619
1613
1623
1029
221
842
853
829
1495
1489
1485
2135
2145
2140
1543
722
716
1367
1361
1355
2006
2017
1404
598
596
1243
1238
605
1867
1879
1856
1278
454
451
1115
1109
1104
1756
1749
1153
347
342
976
986
982
1615
1625
1620
1023
219
212
830
845
1494
1486
1480
2131
2145
2136
2133
1550
729
1363
1358
1369
2004
2014
2008
1411
606
1240
1251
1229
1881
1858
1872
1288
454
461
1111
1106
1117
1750
1745
1164
342
353
987
982
976
1628
1621
1615
1018
214
208
842
838
836
1482
1477
1474
2137
2134
1550
729
724
1374
1369
1364
2014
2009
2019
1422
601
595
1230
584
1234
1853
1864
1859
1282
458
1106
1117
1112
1746
1756
1751
1156
333
343
979
976
1622
1619
1611
1030
226
203
837
848
842
1476
1491
1481
2132
2128
2137
1540
719
1372
1364
1358
2008
2004
2013
1416
595
590
1224
1235
1230
1867
1859
1854
1272
453
1117
1111
1121
1756
1751
1745
1164
343
338
989
983
977
1613
1622
1025
219
214
834
843
841
1489
1482
1477
2143
2114
2132
1534
714
1364
1374
1368
2003
1999
2007
1409
589
598
1232
1226
1221
1855
1849
1859
1266
446
451
1101
1096
1746
1742
1750
1155
332
344
976
971
965
1615
1610
1620
1022
217
836
830
840
1468
1468
1483
2129
2123
2133
1536
715
709
1359
1354
1348
1999
1993
1396
574
584
1219
1213
1224
1842
1857
1847
1268
448
439
1092
1102
1094
1729
1739
1142
321
331
965
960
954
1604
1614
1606
1013
207
201
836
830
1481
1458
1469
2119
2113
2108
1526
705
700
1350
1356
1356
1989
1995
1994
1397
577
1199
1222
1215
1833
1844
1838
1245
436
433
1085
1088
1086
1736
1731
1139
314
322
957
951
961
1612
1606
1601
1004
198
193
830
825
818
1454
1460
2111
2121
2118
1519
698
708
1342
1340
1349
1982
1995
1988
1390
568
563
1213
1207
1842
1839
1830
1252
442
440
1092
1083
1082
1728
1722
1736
1120
315
330
960
955
1605
1601
1594
1000
192
187
821
816
826
1444
1455
1465
2118
2102
1513
708
703
1337
1348
1342
1976
1987
1341
1384
563
573
1210
1218
1212
1831
1842
1244
423
433
1084
1078
1089
1723
1718
1728
1131
310
323
956
968
961
1612
1590
1010
185
183
816
812
822
1457
1455
1447
2113
2108
2118
1521
703
1335
1346
1358
1974
2001
1996
1401
562
573
1207
1220
1208
1831
1844
1836
1256
435
1085
1080
1091
1725
1719
1730
1134
313
322
957
968
962
1597
1591
1010
189
202
819
814
801
1458
1455
1450
2113
2124
2118
1522
696
695
1345
1341
1993
1985
1967
1383
578
572
1223
1218
1212
1847
1841
1835
1255
434
1084
1094
1081
1723
1718
1728
1134
310
321
956
966
964
1595
1607
1600
1003
198
817
811
822
1460
1465
1461
2112
2106
2117
1519
696
709
1343
1337
1332
1982
1992
1379
575
587
1222
1210
1208
1845
1838
1833
1250
429
424
1090
1087
1095
1730
1724
1128
323
317
950
962
957
1609
1604
1595
1015
194
204
823
820
1467
1462
1456
2124
2117
2111
1515
710
704
1355
1349
1343
1980
1988
1985
1386
565
1215
1210
1220
1838
1825
1843
1249
418
436
1087
1080
1091
1725
1720
1730
1133
312
978
957
968
1602
1596
1590
1010
188
183
822
812
806
1457
1451
2117
2112
2123
1525
705
699
1350
1347
1340
1976
1985
1981
1991
1395
574
1209
1220
1840
1850
1848
1265
446
439
1091
1101
1099
1734
1742
1737
1141
336
971
967
976
1612
1606
1618
1020
217
210
830
843
838
1472
1466
2147
2129
2121
1541
720
714
1366
1360
1367
2005
2001
1995
1414
594
588
1239
1236
1229
1864
1858
1277
456
452
1118
1105
1108
1744
1753
1747
1167
346
358
991
986
1620
1632
1626
1029
224
219
859
849
843
1494
1489
1483
2149
2145
1547
727
722
1371
1382
1377
2011
2006
2016
1420
599
609
1244
1241
1250
1868
1863
1281
465
455
1121
1108
1111
1762
1756
1767
1170
349
344
995
990
1642
1636
1628
1033
227
221
840
852
861
1496
1491
1500
2135
2146
2158
1559
740
1374
1384
1378
2029
2025
2018
1422
601
611
1246
1240
1251
1869
1866
1284
462
457
1123
1118
1128
1763
1759
1784
1183
350
361
995
1006
1002
1638
1626
1640
1046
225
857
852
864
1500
1493
1505
2153
2147
2158
1559
740
736
1385
1370
2031
2025
2022
1423
618
604
1243
1258
1252
1872
1882
1876
1279
474
468
1119
1129
1764
1774
1769
1172
367
358
1013
1001
998
1632
1638
1636
1039
212
242
846
853
1487
1497
1491
2139
2150
2144
1547
722
735
1369
1359
1373
2003
2001
2008
1410
591
1241
1236
1229
1864
1861
1854
1270
449
445
1109
1103
1113
1747
1741
1160
339
333
983
977
971
1601
1615
1625
1012
207
218
838
829
823
1474
1468
2130
2129
2122
1537
704
714
1348
1358
1353
1987
1997
1990
1393
572
582
1217
1224
1846
1842
1850
1254
432
438
1092
1103
1097
1725
1741
1736
1138
320
327
963
956
1602
1601
1611
1014
190
199
821
832
826
1463
1471
1465
2111
2126
2124
1523
701
1356
1346
1356
1991
1974
1995
1398
594
571
1224
1216
1206
1832
1839
1258
437
431
1081
1108
1082
1721
1711
1725
1128
324
319
949
965
958
1591
1602
1005
199
194
813
807
820
1452
1462
1448
2123
2101
2112
1515
689
705
1354
1348
1983
1977
1988
1387
570
580
1214
1209
1203
1856
1832
1842
1261
441
1093
1085
1076
1730
1725
1719
1138
319
312
943
956
969
1599
1596
1590
1009
187
806
816
811
1461
1453
1450
2119
2107
2106
1509
703
697
1347
1342
1336
1987
1982
1385
564
574
1209
1204
1215
1833
1843
1839
1258
436
448
1081
438
1086
1721
1731
1130
313
308
959
953
960
1598
969
963
1006
201
196
816
806
820
1459
1464
2115
2109
2101
1523
702
695
1364
1338
1324
1989
1998
1992
1379
574
1209
1222
1214
1833
1843
1838
1260
437
434
1097
1091
1086
1737
1731
1134
313
323
959
969
963
1613
1608
1602
1007
196
194
831
823
813
1448
1446
2115
2107
2114
1521
700
711
1347
1355
1351
1984
1979
1989
1392
571
562
1208
1210
1845
1839
1834
1269
432
428
1093
1087
1098
1732
1727
1738
1140
319
957
964
959
1593
1596
1598
1018
196
191
826
819
833
1465
1461
1466
2120
2115
1519
694
708
1339
1348
1343
1981
1993
1986
1389
566
576
1213
1224
1218
1837
1847
1266
445
439
1106
1080
1107
1730
1735
1731
1134
316
326
958
974
1618
1601
1612
1014
193
203
822
815
827
1461
1456
1466
2118
2123
2118
1525
704
1355
1349
1343
1990
1986
2000
1386
581
577
1226
1220
1211
1849
1843
1838
1257
435
1086
1099
1092
1725
1738
1730
1132
312
323
957
967
958
1606
1603
1596
1016
188
812
803
811
1444
1450
1447
2097
2105
2115
1517
676
688
1322
1331
1324
1970
1951
1370
535
556
1190
1185
1188
1810
1800
1810
1215
393
403
1053
1047
1696
1690
1679
1085
275
273
923
917
910
1560
1554
1548
965
145
139
772
762
776
1394
1399
2069
2063
2054
1460
657
648
1295
1276
1301
1920
1929
1919
1326
521
515
1151
1155
1152
1770
1780
1199
381
373
1022
1033
1026
1662
1670
1664
1068
241
255
889
900
1534
1546
1538
941
119
126
747
759
751
1385
1396
1390
2036
2050
1455
607
626
1277
1270
1264
1898
1906
1914
1305
496
494
1130
1139
1130
1751
1761
1175
386
400
1002
1013
1006
1657
1649
1645
1048
243
237
871
881
877
1522
1520
923
117
108
726
740
735
1369
1380
1371
2022
2030
2025
1431
612
616
1250
1248
1898
1909
1900
1303
485
491
1129
1123
1106
1753
1746
1740
1159
330
1002
1000
988
1640
1613
470
227
225
219
869
855
859
1493
1498
1512
900
98
716
727
721
1371
1378
1360
2010
2021
2015
1434
610
607
1241
1247
1261
1880
1902
1305
472
465
1115
1098
1122
1746
1737
1746
1154
349
341
982
974
997
1634
1644
1051
226
237
874
869
881
1512
1514
1506
921
120
108
726
734
1376
1370
1386
2036
2031
2042
1442
624
616
1251
1260
1271
1902
1904
1896
1318
511
1130
1139
1134
1756
1751
1763
1181
340
353
1017
1016
1009
1663
1656
1650
1067
245
880
879
889
1508
1518
1527
929
127
118
741
751
734
1394
1390
2041
2034
2042
1449
627
623
1270
1284
1274
1912
1904
1915
1322
501
492
1143
1136
1759
1766
1762
1179
362
368
1005
1015
1011
1679
1655
1648
1071
247
245
891
886
1524
1531
1525
928
127
117
751
746
741
1395
1390
1380
2032
2045
1447
628
638
1268
1279
1274
1928
1903
1913
1315
495
506
1139
1135
1144
1763
1780
1177
359
370
1033
1015
1021
1656
1654
1665
1048
243
257
889
882
1521
1523
1540
924
119
130
748
742
739
1391
1385
1393
2046
2041
2031
1434
633
1284
1274
1273
1903
1915
1908
1316
490
502
1139
1130
1144
1764
1771
1767
1186
365
1012
1023
1018
1655
1666
1660
1059
238
251
887
879
888
1522
1518
890
933
132
754
765
757
1392
1403
1403
2050
2049
2046
1463
634
656
1292
1286
1938
1934
1946
1347
525
524
1160
1171
1165
1783
1794
1789
1212
393
1060
1050
1065
1701
1694
1691
1097
270
277
932
932
926
1578
1573
970
168
163
786
797
772
1427
1435
1433
2084
2081
2089
1490
671
683
1321
1315
1966
1961
1955
1371
554
546
1196
1191
1186
1825
1820
1831
1231
414
436
1075
1069
1721
1711
1708
1114
305
300
951
950
306
1591
1590
1581
1005
180
174
813
808
1454
1449
1449
2095
2106
2105
1504
704
695
1334
1344
700
1986
1976
1384
562
575
1209
1203
1214
1838
1832
1842
1262
441
436
1103
1093
1748
1726
1733
1153
320
311
964
960
971
1604
1596
1610
1028
209
204
821
818
1449
1463
1458
2109
2119
2130
1513
709
2128
2169
1350
1359
2000
1994
1983
1391
588
1216
1229
1217
1841
1857
1845
1253
447
439
1091
1106
1095
1730
1741
1144
323
334
971
966
973
1608
1618
1613
1016
197
206
831
841
834
1469
1482
2066
2122
2135
1535
714
729
1347
1358
1368
2000
1994
1993
1412
587
1222
1231
1229
1850
1857
1856
1271
455
445
1111
1108
1102
1740
1750
1741
1150
339
978
989
984
1618
1625
1620
1027
223
217
852
826
838
1476
1487
1481
2149
2139
1544
721
732
1368
1377
1360
1999
2003
2013
1420
595
610
1240
1235
1248
1864
1875
1278
459
456
1119
1113
1110
1763
1758
1764
1167
347
346
996
347
1641
1636
1630
1046
226
235
858
849
848
1500
1493
1504
2150
2149
2156
1539
739
1372
1383
1378
2016
2028
2018
1422
604
615
1245
1258
1255
1871
1880
1283
468
465
1125
1118
1129
1768
1759
1771
1172
368
367
1001
1008
1004
1639
1632
1055
232
221
854
852
869
1503
1498
1495
2160
2154
2161
1563
744
737
1391
1387
2021
2032
2019
1430
625
616
1251
1265
1255
1874
1886
1871
1303
498
1130
1137
1134
1769
1779
1777
1178
376
370
1017
1012
1007
1645
1651
1649
1050
246
853
878
869
1502
1502
1509
2160
2174
2165
1558
753
759
1396
1386
1382
2033
2030
1445
630
620
1275
1270
1264
1899
1893
1888
1307
484
489
1150
1139
1769
1789
1782
1182
408
373
1012
1017
1022
1664
1661
1656
1059
242
249
876
872
1506
1511
1504
2171
2167
2160
1558
751
750
1398
1374
1401
2019
1400
2037
1435
632
1283
1228
1237
1872
1858
1854
1279
452
461
1112
1108
1117
1798
1789
1783
1204
332
985
970
969
1622
1612
1603
1015
208
1602
1649
825
193
1471
1461
1474
2124
2114
1532
704
709
1339
1353
1345
1980
1987
1985
1372
579
577
1209
1218
1214
1834
1838
1245
439
435
1083
1091
1084
1734
1732
1726
1161
319
315
952
960
951
1590
1584
1003
175
173
810
817
811
1449
1442
1449
2103
2113
2106
1510
689
1340
1336
1327
1975
1973
1966
1382
560
555
1189
1199
1195
1814
1825
1820
1241
417
1064
565
1885
1705
1748
1756
1142
305
299
938
945
938
1572
1582
1574
980
212
793
792
798
1452
1442
1441
2155
2102
2095
1495
692
700
1348
1343
1322
1957
1969
1371
549
542
1193
1185
1162
1817
1814
1820
1227
418
416
1063
1057
1070
1702
1698
1101
294
292
923
933
929
1563
1572
1570
989
168
166
797
787
1421
1436
1429
2098
2091
2081
1485
683
672
1311
1322
1292
1947
1961
1360
1389
572
1184
1175
1185
1812
1809
1816
1224
422
413
1063
1071
1071
1712
1718
1108
301
313
952
943
960
1593
1603
1597
1005
182
192
815
810
818
1457
1453
2119
2115
2110
1510
706
702
1353
1351
1338
1993
1993
1982
1404
584
1222
1213
1229
1843
1854
1853
1256
448
492
1094
1105
1116
1749
1745
1742
1145
344
974
971
965
1619
1626
1623
1017
221
216
853
848
839
1478
1488
2137
2131
2141
1540
713
720
1369
1368
1377
2015
2004
2019
1423
602
598
1243
1238
1867
1870
1866
1285
464
475
1123
1121
1111
1762
1749
1771
1155
352
989
992
1010
1629
1655
1630
1033
230
240
859
854
851
1482
1492
1491
2139
2152
1551
736
740
1376
1387
1383
2021
2011
2021
1424
619
614
1251
1244
1253
1873
1871
1306
485
476
1127
1125
1132
1766
1760
1767
1179
353
366
1000
994
1644
1640
1633
1052
233
227
236
858
854
1500
1499
1493
2144
2152
2165
1564
743
1379
1392
1399
2020
2032
2025
1426
609
616
1250
1261
1257
1878
1887
1304
487
481
1119
1138
1134
1819
1813
1821
1227
354
362
1003
1011
1008
1642
1653
1045
248
242
861
860
853
1497
1492
1502
2152
2148
2157
1559
748
752
1395
1375
2023
2017
2012
1414
608
601
1251
1249
1241
1873
1871
1257
1285
477
501
1117
1164
1761
1759
1753
1156
352
345
978
988
982
1629
1626
1617
1035
220
1616
1645
839
1473
1463
1474
1472
2134
2164
1564
743
735
1386
1368
1358
1996
2002
1998
1400
598
1228
1221
1232
1227
633
1859
1278
456
479
1148
1107
1100
1740
1747
1152
363
339
971
969
976
1607
1622
1614
1017
200
186
824
818
817
1463
1461
2125
2119
2117
1532
710
722
1358
1350
1342
1981
1991
1981
1403
583
574
1227
1219
1213
1850
1846
1247
442
482
1087
1097
1090
1770
1732
1703
1130
324
321
942
963
1597
1595
1603
1009
201
1601
1644
809
195
1453
1463
1456
2104
2115
2115
1533
708
1347
1338
1316
1986
1976
1986
1390
604
597
1246
1207
615
1245
600
1973
1243
1291
1121
1131
1158
1764
1772
1769
1173
318
309
981
989
980
1599
1599
1000
1598
997
807
819
813
1447
1449
1452
2116
2113
2105
1524
701
683
1330
1344
1975
1969
1979
1384
562
572
1197
1202
1215
1845
1825
1838
1240
468
460
1127
