2024
725
950
1177
748
974
564
787
1012
597
824
1051
634
862
1085
671
895
1124
713
936
1163
763
991
1216
801
1031
600
826
1051
635
866
1091
675
900
1130
714
939
1169
755
980
1208
791
1018
620
844
1069
657
889
1109
678
901
1129
716
938
1165
754
976
1204
792
1017
1245
834
1053
640
867
1094
696
924
1150
733
959
1187
759
987
1212
797
1027
1252
836
1066
649
876
1102
687
914
1143
733
959
1184
787
1015
1241
830
1050
1277
849
1078
664
892
1122
706
935
1160
744
969
1200
785
1011
1236
822
1047
1275
880
1105
692
915
1142
714
940
1168
756
983
1207
792
1019
1244
834
1056
1282
870
1097
683
909
1134
735
961
1186
771
1000
1228
800
1028
1254
838
1066
656
881
1111
700
923
1149
734
964
1194
777
1001
1226
831
1055
1282
867
1094
1321
898
1123
709
934
1159
747
975
1200
788
1011
1239
827
1052
1280
868
1096
696
922
1148
736
956
1184
753
983
1210
795
1020
1251
836
1064
1290
876
1106
691
919
1145
731
958
1186
786
1013
1239
824
1051
1284
851
1075
1301
887
1114
702
933
1158
748
971
1196
786
1012
1238
825
1047
1278
873
1726
1329
914
1143
711
939
1165
751
975
1201
789
1016
1240
825
1050
1277
867
1090
1315
901
1127
1352
953
1185
764
1632
1218
790
1018
1245
831
1060
1285
870
1098
2601
912
1138
722
955
1175
765
989
1216
818
1040
1266
853
1095
1952
882
1111
1337
922
1148
734
964
1186
775
1004
1231
813
1052
1270
856
1084
1314
910
1137
723
947
1175
747
975
1202
790
1021
1246
834
1059
1287
872
1100
685
914
1139
723
950
1180
778
1005
1233
820
1048
620
846
1074
663
888
1115
704
931
1158
745
969
1195
784
1006
592
822
1047
649
889
1098
687
912
1140
711
937
1160
748
975
559
787
1015
601
828
1056
644
869
1100
686
909
1136
736
961
1189
774
999
572
801
1026
613
841
1067
654
881
1106
696
920
1147
736
962
551
771
999
601
830
1050
634
863
1086
657
882
1107
702
925
1791
738
962
552
776
1004
592
817
1048
633
857
1088
689
914
1141
725
951
520
746
974
561
787
1017
603
827
1052
639
867
1095
679
907
1134
717
943
546
772
999
585
812
1040
610
836
1064
651
878
1107
692
919
505
733
955
542
769
994
581
810
1042
638
865
1088
675
900
1149
697
928
510
738
966
552
779
1007
594
822
1048
632
861
1086
673
900
501
729
956
540
767
990
563
786
1012
599
824
1052
639
866
453
678
906
495
716
947
531
757
984
584
811
1037
625
852
1076
650
878
461
691
899
498
724
951
538
764
992
577
806
1674
621
848
1071
675
900
487
715
940
515
738
962
550
778
1005
591
819
1043
628
855
442
669
897
482
713
1578
538
766
994
579
810
1033
606
833
418
644
876
458
684
909
495
724
951
539
767
996
580
806
1033
633
858
447
669
895
467
691
919
503
734
958
542
769
994
582
806
1031
617
846
429
656
884
485
709
935
522
754
975
546
775
1004
587
814
401
629
855
442
666
893
480
704
930
520
742
970
569
1419
1022
608
839
406
633
862
449
674
903
492
720
943
531
758
985
570
799
1025
608
835
438
667
894
480
708
933
501
729
955
540
770
995
581
812
1037
622
849
432
658
887
473
696
926
526
750
976
563
789
1017
589
815
1043
626
854
1084
672
898
484
713
937
525
752
978
566
794
1019
628
846
1074
660
885
457
681
907
494
722
947
534
762
989
579
805
1031
615
843
1069
654
882
484
710
938
525
754
977
550
777
1004
591
818
1044
630
858
447
671
897
486
712
942
524
753
981
581
807
1034
620
847
1076
648
873
461
687
915
503
727
957
542
765
995
581
811
1035
621
849
1714
675
901
498
714
942
512
737
968
553
779
1006
592
816
1045
630
859
1083
671
896
483
708
936
539
765
991
579
805
1030
603
828
1053
641
868
455
682
911
497
725
955
542
769
996
582
805
1033
635
1485
1085
672
899
470
699
924
510
738
965
552
781
1005
592
820
1048
636
864
1092
677
905
503
731
956
541
770
995
566
1446
1016
604
833
1061
645
874
1103
689
917
504
730
958
543
770
997
599
826
1052
641
868
1093
664
891
1117
709
930
516
748
969
558
783
1010
600
826
1054
642
869
1097
699
925
1152
740
970
543
768
996
584
810
1035
620
849
1074
655
881
1109
696
922
1147
733
962
1185
791
1012
598
824
1056
622
847
1075
662
886
1118
700
925
1152
739
966
1195
780
1007
593
821
1047
648
873
1100
688
912
1139
713
940
1167
754
978
567
794
1020
607
836
1063
650
877
1105
689
930
1143
745
970
1198
784
1009
580
805
1031
617
843
1072
656
885
1113
697
925
1153
738
964
1188
773
1001
603
839
1057
645
872
1101
675
900
1126
713
941
1170
755
979
1206
796
1019
608
833
1059
644
873
1098
701
927
1152
739
968
1193
773
990
1220
804
1031
614
841
1067
651
880
1107
693
916
1143
728
954
1180
781
1006
1231
817
1045
614
841
1070
655
883
1109
698
925
1149
738
964
1189
773
1002
589
813
1041
644
870
1097
686
910
1136
707
932
1158
739
964
1186
778
1004
590
819
1045
634
858
1085
670
895
1121
721
947
1175
762
988
559
784
1010
597
823
1052
637
861
1090
676
903
1131
718
946
532
758
985
589
813
1040
627
855
1080
651
877
1104
691
917
507
731
959
543
771
1004
585
812
1040
628
855
1083
684
912
1139
727
952
524
751
978
562
787
1015
602
828
1054
641
867
1093
679
907
493
742
948
552
777
1004
591
816
1042
612
840
1069
652
877
1107
691
919
502
729
957
544
771
997
586
813
1040
639
867
1093
679
904
477
703
930
518
744
969
558
785
1012
599
828
1055
639
865
1090
679
902
1126
729
957
545
771
999
571
794
1020
605
832
1058
645
874
1099
687
915
500
725
952
540
766
994
1220
820
1048
635
863
1091
663
890
479
705
930
515
743
970
557
782
1020
598
826
1054
636
864
1090
692
919
507
734
960
533
760
988
575
803
1031
619
842
1070
658
884
470
697
921
512
741
965
566
794
1022
610
836
1066
638
865
453
681
909
494
721
947
535
763
986
574
799
1028
615
841
1067
669
896
481
709
936
509
734
960
546
772
999
586
813
1040
628
854
1082
669
898
483
709
936
540
770
993
578
805
1033
603
829
1055
640
866
1092
676
903
491
715
940
525
753
977
565
791
1017
618
851
1074
658
886
1125
699
914
500
728
956
546
771
1000
585
813
1039
627
853
1080
671
895
497
721
949
536
763
991
562
789
1015
604
830
1056
644
872
1099
685
910
494
722
951
537
762
989
590
815
1041
627
854
1080
653
880
469
695
921
508
734
962
550
774
997
583
811
1037
625
852
1105
679
905
496
719
945
517
742
969
557
784
1013
596
833
1054
640
867
1095
690
911
496
725
953
554
782
1008
593
819
1047
618
846
1073
660
886
475
699
924
513
739
964
551
778
1007
594
819
1047
650
876
1103
691
917
490
717
946
532
759
986
573
801
1029
614
839
1067
659
883
470
695
922
525
753
979
566
792
1016
589
817
1039
631
855
1080
671
893
479
709
933
520
750
973
558
787
1012
614
840
1069
656
884
1112
685
912
499
729
957
539
766
993
576
802
1029
614
840
1068
651
877
1745
706
933
523
747
975
547
772
997
584
809
1037
621
848
1074
664
887
1116
701
926
512
740
969
568
794
1020
606
832
1065
630
855
1083
671
900
1124
711
939
524
752
981
566
795
1027
605
833
1060
662
891
1116
704
932
503
730
958
545
1410
998
585
816
1038
628
852
1078
663
888
1113
703
931
533
760
985
573
801
1028
599
825
1049
637
863
1089
675
902
488
715
939
529
754
980
566
792
1019
620
847
1076
660
888
1118
684
912
498
723
949
531
758
985
570
797
1024
611
838
1064
652
878
1106
708
934
521
748
974
548
773
1001
592
816
1044
632
857
1086
673
901
1127
1355
940
526
748
974
574
800
1030
613
839
1067
640
867
1095
692
908
494
720
946
533
761
988
575
803
1030
617
842
1069
670
898
1126
711
937
508
734
959
544
772
998
583
808
1035
622
850
1078
663
889
1116
704
932
532
760
989
575
800
1028
604
828
1054
640
867
1094
680
906
1130
718
947
535
760
988
573
799
1024
627
856
1082
668
894
1117
692
919
506
733
960
545
772
1000
588
816
1044
632
855
1083
668
895
1121
724
949
543
763
988
561
784
1012
600
828
1056
643
869
1096
683
908
1136
722
949
536
764
992
596
823
1048
635
860
1086
659
886
1114
701
928
516
743
968
554
778
1012
589
817
1047
629
858
1086
688
915
1140
726
952
524
749
977
565
792
1020
605
833
1060
645
871
1098
685
912
501
730
958
557
786
1012
600
827
1054
629
856
1079
666
895
480
708
936
522
749
977
564
793
1019
606
836
1062
663
890
1118
704
932
502
728
955
539
766
991
577
804
1030
618
847
1074
662
887
474
701
930
532
760
987
578
805
1032
604
829
1057
1283
870
1736
684
913
497
725
951
539
766
994
580
805
1042
631
859
1087
675
901
1126
697
922
509
738
964
549
775
1001
587
817
1043
629
857
1085
673
898
1127
730
963
542
770
997
568
794
1022
607
837
1064
651
879
1104
691
921
504
733
957
545
768
996
602
829
1058
644
872
1101
673
900
1127
713
937
525
752
978
567
793
1020
608
837
1062
649
878
1105
706
931
518
746
972
542
768
996
582
810
1037
624
850
1077
661
887
1113
702
926
1152
737
963
565
794
1019
606
832
1058
628
854
1082
670
895
1121
709
937
524
753
980
565
794
1019
607
833
1061
663
890
1117
704
931
1796
732
955
540
769
994
582
807
1036
621
847
1076
663
889
1117
702
930
1157
759
985
573
798
1024
596
823
1051
638
865
1091
677
904
1130
717
943
528
754
982
575
794
1021
625
851
1079
670
889
1116
689
915
1143
1373
956
542
768
994
580
806
1034
626
849
1076
661
889
1116
720
948
1175
1401
988
1217
788
1017
604
834
1063
651
877
1102
687
913
1140
726
955
542
769
995
598
821
1050
636
863
1091
663
890
1118
706
931
518
745
973
559
784
1012
599
827
1055
642
866
1093
696
921
1147
738
963
533
761
987
572
799
1028
616
841
1067
671
878
1105
692
917
1145
732
960
563
791
1018
605
833
1061
634
860
1087
675
903
1129
714
941
526
752
978
569
789
1017
605
833
1062
663
891
1119
705
933
1163
734
959
547
773
998
601
812
1042
626
853
1080
664
892
1119
703
931
1166
760
985
571
796
1021
594
823
1049
633
859
1084
670
895
1120
708
934
520
749
975
561
790
1014
615
843
1070
654
879
1109
679
905
1135
719
945
538
759
986
576
800
1027
1254
839
1064
653
879
1104
709
936
1162
754
978
549
778
1001
590
818
1048
628
854
1076
662
892
1117
703
930
516
744
972
572
798
1023
609
837
1065
634
863
1089
673
900
1126
710
939
528
754
980
570
797
1025
613
841
1068
671
898
1126
714
939
1167
740
965
551
776
1001
589
816
1042
629
857
1083
668
894
1120
706
1571
1157
759
987
575
802
1028
599
824
1050
637
864
1091
676
902
1131
712
939
525
753
979
569
792
1023
623
851
1079
664
891
1118
691
915
500
726
953
540
768
993
580
807
1033
620
845
1073
660
885
1112
715
943
529
757
982
553
781
1006
593
825
1048
634
863
1091
676
902
490
717
945
533
760
988
591
818
1044
631
855
1086
657
882
467
694
921
508
735
964
550
780
1003
589
814
1052
633
861
1088
691
917
503
731
959
531
757
983
569
796
1024
611
839
1067
654
880
1105
692
920
506
734
962
565
791
1017
602
829
1055
629
854
1079
669
891
479
704
932
519
744
972
563
786
1014
605
830
1054
657
884
1112
696
925
494
719
946
531
756
983
569
794
1020
605
833
1058
645
871
1096
681
910
510
735
961
547
775
1001
572
797
1029
611
836
1060
649
877
465
691
920
506
733
961
546
773
1641
603
826
1053
645
867
1091
666
893
478
705
934
520
751
980
560
785
1012
598
825
1067
641
866
467
694
922
509
737
1605
535
761
987
574
803
1028
613
840
1068
653
880
470
694
923
507
735
960
563
789
1014
599
828
1054
626
852
1080
666
894
480
707
935
523
748
978
564
792
1016
604
831
1058
661
886
472
699
927
497
723
949
534
763
989
575
799
1030
615
840
1068
656
884
1112
699
924
525
751
976
565
794
1018
589
814
1040
625
852
1076
662
891
1116
703
930
515
742
971
556
783
1651
613
838
1064
650
877
1105
676
902
1129
717
945
528
755
985
569
797
1023
608
834
1062
649
889
1103
704
931
517
743
970
541
769
997
584
809
1035
622
849
1077
665
893
1120
708
934
521
747
973
576
804
1031
616
841
1070
639
866
1093
681
907
494
720
949
536
762
990
577
804
1030
616
843
1070
669
897
1122
709
937
508
733
959
546
771
997
583
808
1036
623
852
1079
667
895
479
706
933
533
761
989
578
803
1031
603
829
1057
644
869
1098
685
911
496
722
950
534
761
989
576
804
1031
633
860
1089
673
900
471
698
924
512
740
967
552
781
1006
591
819
1044
633
859
1083
671
899
500
726
954
539
764
990
563
789
1019
605
832
1060
648
875
1103
691
919
504
731
957
543
771
1638
600
827
1051
639
865
1094
666
893
1119
705
933
520
746
974
559
785
1011
597
823
1051
636
863
1092
692
919
506
734
959
529
755
984
1212
796
1022
609
835
1063
649
874
1102
687
915
501
726
955
557
784
1008
593
821
1050
622
850
1076
660
888
473
700
927
512
737
963
549
774
999
585
813
1042
642
868
1095
681
910
1136
709
933
521
746
974
562
790
1015
603
827
1052
640
867
1093
681
1547
1133
735
960
1185
773
1002
574
803
1028
614
841
1066
652
881
1106
693
921
508
735
964
543
773
999
601
826
1052
639
865
1092
663
888
1116
701
931
515
744
971
557
784
1012
595
822
1049
636
861
1091
688
914
1139
725
952
523
751
980
566
790
1017
603
830
1055
644
873
1097
683
910
499
727
954
555
780
1007
596
824
1051
624
856
1077
666
892
477
702
928
512
738
967
552
780
1006
591
820
1045
647
875
1104
690
918
1146
718
944
529
755
981
568
796
1021
608
833
1063
649
876
1103
688
915
519
747
974
562
788
1013
585
812
1037
623
851
1078
666
894
1118
707
933
520
745
972
559
787
1013
615
844
1071
657
879
1107
678
904
1132
718
945
534
762
988
573
800
1028
617
843
1071
660
887
1115
712
940
528
754
978
554
780
1006
590
819
1044
631
863
1086
673
906
1125
711
937
533
750
979
578
807
1031
617
844
1070
640
871
1095
680
907
493
721
949
535
761
985
573
801
1029
615
842
1070
673
899
1128
714
942
516
740
968
556
782
1008
594
821
1048
635
862
1088
677
902
1128
715
941
541
767
994
583
808
1036
607
836
1064
647
876
1100
686
912
1139
726
951
540
767
995
581
809
1037
637
864
1093
678
906
1134
706
940
519
746
973
558
786
1014
600
827
1695
644
869
1097
685
911
1140
742
967
554
782
1009
580
808
1035
623
850
1074
660
887
1112
698
926
1153
740
965
549
779
1006
607
833
1059
647
872
1097
669
894
1119
706
931
517
744
972
558
785
1008
596
822
1051
638
864
1097
693
922
1149
737
963
533
761
989
577
804
1030
615
844
1069
656
885
1112
699
926
513
741
968
571
794
1029
608
833
1059
631
857
1083
667
897
1122
707
935
523
749
989
566
792
1020
605
833
1061
663
889
1115
704
929
501
727
955
542
769
998
582
809
1037
622
848
1073
660
884
1112
700
928
531
757
985
572
798
1024
594
819
1046
632
863
1085
671
897
1123
709
935
522
751
976
564
794
1015
618
846
1073
658
887
1112
682
909
1136
723
950
537
763
991
581
800
1025
611
837
1066
655
880
1105
707
934
519
744
972
545
774
1001
588
816
1045
632
859
1085
670
896
1126
713
941
529
754
979
583
818
1034
622
857
1075
647
874
1099
683
911
1137
724
950
538
766
993
581
807
1033
619
845
1071
673
901
1127
713
939
509
736
961
549
775
1005
591
817
1041
630
857
1084
1311
896
1123
712
939
545
768
993
578
808
1034
608
835
1062
648
876
1100
689
916
502
727
955
540
767
995
582
810
1039
642
867
1094
679
908
480
705
932
518
745
970
558
784
1017
601
828
1053
639
866
1092
676
905
1131
732
961
547
775
1001
574
802
1026
613
840
1067
653
880
1105
693
921
508
736
963
551
779
1008
609
835
1061
647
874
1101
672
896
485
710
937
524
751
979
564
790
1018
600
829
1057
642
870
1094
699
925
512
737
967
537
771
992
580
805
1031
617
845
1070
656
882
468
693
920
509
737
965
565
790
1016
603
829
1058
646
855
1083
669
895
481
706
932
517
745
970
555
784
1012
600
827
1052
656
884
471
698
923
496
722
947
535
763
990
582
804
1032
619
846
1070
655
885
1109
694
920
519
745
973
559
785
1009
580
805
1033
619
843
1069
657
884
473
697
923
510
736
972
549
772
997
601
828
1051
641
868
1094
664
889
476
704
930
516
747
975
558
787
1014
598
828
1054
640
870
1095
698
925
514
738
963
536
762
989
579
808
1031
617
848
1071
661
885
1116
703
927
511
740
968
567
795
1023
610
836
1064
635
863
1090
676
904
490
716
942
528
753
981
572
797
1024
614
840
1065
669
894
1122
705
931
506
729
954
546
769
997
584
812
1037
625
851
1076
661
890
1117
702
929
528
755
983
568
796
1027
594
821
1047
640
860
1087
671
897
1125
712
938
526
749
976
562
793
1021
619
846
1074
662
889
1116
691
913
1138
726
953
539
766
993
579
804
1032
617
844
1073
660
885
1116
716
944
532
761
985
554
780
1009
592
837
1044
631
857
1083
670
893
1119
706
930
516
746
969
571
797
1022
607
832
1070
631
857
1083
669
900
1120
706
932
520
746
974
565
790
1017
605
833
1059
660
888
1118
703
931
503
730
958
544
772
998
582
811
1036
627
849
1074
663
889
1116
701
929
533
759
990
575
803
1028
597
827
1049
637
865
1093
680
905
1133
720
946
530
758
984
570
797
1025
625
853
1078
666
892
1116
687
1569
1140
727
954
544
767
995
582
811
1039
621
1490
1718
665
893
1119
721
952
1175
762
990
559
786
1015
600
824
1054
639
867
1102
678
903
1132
717
944
533
757
984
588
814
1041
627
855
1083
655
882
1113
696
924
513
737
965
553
778
1005
589
818
1046
630
860
1086
689
914
1147
729
953
523
751
984
567
796
1022
610
838
1064
649
875
1101
689
916
1146
739
955
555
781
1010
596
820
1046
616
844
1071
658
887
1114
700
925
511
736
962
550
783
1002
588
816
1044
644
871
1098
683
910
1144
713
938
522
752
976
564
790
1018
601
829
1056
643
873
1101
685
914
1140
740
969
554
781
1009
576
806
1030
615
847
1073
657
884
1109
699
923
513
736
964
549
773
999
602
832
1059
642
869
1097
666
895
1123
708
934
520
747
973
562
787
1012
599
826
1052
641
866
1093
694
924
1151
734
965
535
760
986
571
799
1027
617
840
1067
656
883
1112
699
923
1147
733
961
559
786
1014
598
826
1053
622
850
1075
663
891
1116
702
929
1154
745
970
555
793
1009
596
824
1055
655
881
1109
693
924
1147
716
945
530
758
986
570
799
1023
611
834
1061
647
871
1099
687
912
1138
740
969
1194
779
1007
576
803
1031
617
843
1070
657
883
1111
698
925
1154
740
967
1195
778
1008
1233
834
1060
648
875
1102
676
903
1132
716
944
1171
760
990
1213
801
1029
616
843
1071
657
884
1114
713
938
1168
752
977
1205
777
1005
590
839
1042
627
852
1077
665
893
1122
706
933
1157
744
970
1200
802
1028
617
844
1068
641
869
1097
683
910
1135
722
950
1175
761
986
1213
806
1030
614
844
1072
675
901
1127
710
940
1166
741
964
1192
774
1000
1228
814
1038
626
851
1081
669
895
1125
708
933
1171
760
986
1214
803
1040
602
827
1056
644
891
4305
685
902
1140
727
960
1178
764
993
1213
802
1025
625
853
1080
666
894
1118
689
918
1143
731
959
1184
770
998
1221
806
1035
623
848
1076
662
899
1113
712
943
1168
753
980
1210
784
1008
1236
824
1049
634
861
1085
674
903
1128
715
937
1165
753
978
1206
814
1039
619
846
1068
641
868
1093
680
907
1137
722
946
1176
765
984
1212
797
1026
613
838
1065
667
892
1121
705
936
1163
735
958
1188
771
997
1224
812
1039
627
853
1079
683
896
1122
707
930
1161
759
986
1226
805
1032
600
828
1056
636
867
1089
676
901
1132
718
943
1169
755
982
1210
797
1026
624
851
1075
664
889
1116
688
915
1141
724
955
1183
770
997
1220
811
1038
621
851
1078
666
889
1119
722
948
1176
759
987
1215
788
1013
603
828
1051
641
865
1093
679
907
1133
720
943
1172
761
989
1214
814
1041
630
852
1081
656
879
1106
692
916
1145
735
962
1185
774
997
584
817
1040
628
853
1080
682
907
1133
717
943
1171
740
965
1193
778
998
584
814
1039
630
858
1085
668
897
1122
708
937
1160
763
993
1221
806
1033
606
832
1060
646
874
1100
688
912
1138
722
952
1179
765
990
1857
804
1029
629
855
1082
670
896
1120
696
922
1145
732
968
1187
773
1003
589
816
1042
630
857
1086
669
897
1123
723
950
1174
760
986
555
785
1009
593
822
1044
629
856
1088
671
897
1124
712
939
533
753
977
579
804
1051
619
851
1074
644
868
1099
684
912
1140
725
953
540
767
1007
580
804
1032
620
845
1071
670
895
1121
708
933
1163
731
960
547
775
1003
586
814
1040
624
848
1716
664
888
1114
698
925
1153
755
978
569
795
1016
593
819
1040
631
856
1086
670
898
1763
711
940
523
751
976
563
789
1016
613
842
1069
656
884
1112
683
915
497
726
952
539
762
992
577
801
1028
619
844
1072
659
883
1108
714
939
530
757
982
553
778
1004
592
817
1682
629
857
1083
668
895
1126
710
937
525
750
982
581
803
1034
619
850
1077
648
871
1100
684
914
500
726
953
540
766
993
579
807
1031
617
844
1068
670
894
1121
706
933
569
735
957
547
775
1002
602
817
1043
630
857
1081
666
898
482
707
935
538
764
989
577
802
1029
600
823
1046
631
860
1088
677
906
490
718
943
530
758
985
568
793
1021
621
849
1075
663
890
1116
688
920
503
732
957
543
768
994
590
807
1035
619
848
1074
664
891
1116
718
946
534
759
984
557
784
1009
593
818
1046
634
861
1087
675
1545
483
709
934
525
750
976
578
807
1031
616
842
1069
641
867
1098
703
908
496
723
952
537
761
989
574
799
1028
618
842
1066
670
896
484
706
943
506
732
958
542
772
996
584
811
1036
625
853
1079
667
895
477
705
933
532
758
987
575
799
1030
600
825
1055
642
870
1096
683
906
491
717
945
530
759
984
574
796
1029
628
855
1089
666
884
452
680
904
491
720
948
534
760
987
576
802
1029
614
844
1068
655
880
481
706
935
522
744
969
539
763
991
577
803
1031
618
845
1072
657
881
468
694
927
509
734
963
566
793
1023
606
836
1062
629
858
445
671
896
485
711
938
524
755
976
563
788
1013
596
836
1051
655
882
469
696
924
496
719
946
535
765
988
576
806
1030
617
1487
1072
660
885
468
729
923
525
759
980
565
794
1020
589
816
1042
630
855
1083
665
895
481
713
936
521
752
982
564
792
1660
622
852
1701
660
887
1114
684
914
503
737
952
541
764
992
576
804
1028
630
842
1066
653
879
1104
705
935
517
744
969
542
772
999
589
810
1039
625
852
1082
667
892
1123
707
935
522
750
981
583
812
1039
624
851
1079
650
875
1101
689
917
519
732
958
545
771
997
587
815
1042
628
854
1077
678
906
1134
721
945
518
3304
971
558
785
1010
597
824
1052
635
863
1089
673
901
1129
717
940
543
769
997
581
809
1033
603
830
1056
645
871
1098
685
912
1140
724
952
540
766
993
579
805
1051
635
862
1091
676
901
1126
698
926
1153
738
964
551
777
1001
591
817
1043
629
854
1079
667
894
1119
723
954
540
764
994
562
790
1019
606
829
1060
644
870
1119
686
909
1779
724
948
537
765
995
590
819
1046
632
859
1087
657
885
1112
697
925
513
740
966
550
781
1004
592
824
1048
633
864
1089
688
917
1144
728
954
528
753
978
569
792
1020
606
832
1064
647
871
1100
685
911
496
725
950
555
781
1006
590
819
1046
620
846
1074
660
890
1117
702
925
515
742
985
553
781
1007
601
821
1046
647
874
1102
687
916
490
715
941
525
753
979
562
790
1021
607
833
1059
648
873
1098
685
913
516
742
967
553
779
1009
579
805
1032
621
859
1075
664
891
475
700
927
512
741
968
557
782
1010
609
838
1066
651
879
1104
676
901
490
717
949
530
758
984
567
794
1019
604
832
1059
644
871
1101
699
924
510
735
962
535
758
987
575
803
1032
614
844
1072
659
888
472
697
923
508
737
963
1188
789
1014
603
827
1056
642
853
1079
668
895
481
706
937
521
746
973
561
784
1015
601
829
1053
654
882
468
693
921
500
720
947
531
759
986
570
799
1029
613
839
1066
654
880
468
694
920
520
744
972
559
786
1013
587
807
1037
621
852
1074
661
890
478
702
928
514
740
966
552
781
1009
611
836
1686
648
873
1104
676
900
489
712
940
526
753
982
569
795
1025
613
836
1065
654
879
1746
707
934
522
750
975
1201
776
1001
591
819
1046
633
854
1083
666
895
1121
708
934
521
747
975
1200
801
1025
612
836
1067
637
867
1094
679
910
495
721
947
534
759
984
576
800
1024
609
834
1071
665
893
1121
707
931
502
730
953
545
770
996
579
803
1034
620
844
1074
659
887
1114
700
929
1156
757
983
571
797
1024
595
824
1051
637
862
1099
676
900
1124
713
941
529
750
981
566
796
1661
622
847
1702
662
891
1116
684
913
1137
723
954
539
771
1029
579
793
1019
603
829
1055
642
869
1735
1326
2189
1152
2009
970
543
770
994
577
807
1033
619
847
1074
658
888
1114
701
926
514
1384
975
573
796
1023
610
843
1063
633
859
1090
675
904
1138
713
937
523
750
978
565
791
1019
616
831
1055
660
889
1112
701
926
1156
730
