2776
4148
3019
1830
1097
623
614
620
613
607
620
567
574
400
681
906
1156
876
1471
784
793
771
521
532
527
357
530
527
514
526
532
529
524
785
522
402
361
415
994
1851
920
535
551
517
523
532
527
518
528
524
532
526
533
510
564
526
9465
1549
1685
1147
381
1058
964
574
568
580
570
533
520
535
364
537
664
1782
592
632
1313
1258
1253
1871
1863
1855
1259
439
454
1080
1089
1721
1762
1757
1158
321
312
321
338
356
1582
1573
1614
1033
226
220
852
863
1498
1504
1465
2147
2139
2148
1534
728
737
1338
1331
1340
1333
703
1335
1361
589
1301
1325
1254
1936
1880
1889
1291
452
447
1078
1152
1113
1764
1771
1126
1150
311
321
314
325
350
1590
1582
999
193
186
836
828
822
1502
1511
1473
2122
2115
1501
742
736
1336
1346
1338
1970
1357
1333
1375
600
610
1307
1334
1245
1944
1887
1305
483
446
1095
1085
1115
1759
1720
1763
1180
309
321
327
944
1576
1585
347
198
190
183
828
311
1649
1515
1476
1461
2118
2111
2123
1507
731
1380
1376
1350
1344
1960
1345
1371
644
669
1254
1243
1257
1217
1867
1300
527
455
1090
1081
1090
1755
1765
1774
1159
322
315
323
316
325
1582
1591
1009
237
231
860
868
897
1480
1505
1514
2147
2108
2117
1519
744
1377
1388
1347
1341
1973
1967
1369
610
571
1220
1229
1223
1869
1971
1874
1291
452
1085
1094
1119
1768
1729
1722
1124
333
325
942
326
945
1591
1583
1000
193
233
866
858
867
1499
1461
1470
2149
2141
2133
1551
697
689
1369
1361
1370
690
1339
1364
592
662
1246
1319
1216
1849
1857
1850
1267
428
1109
1102
1062
1711
1704
1713
1098
331
300
933
206
302
1568
1560
1603
1005
211
860
853
845
837
1486
1479
2125
2121
2097
1482
678
716
1349
1358
1319
1311
1322
1344
573
564
1308
1205
1198
1847
1840
1944
1346
428
420
1053
1095
1743
1910
1357
2116
205
324
1100
1299
1308
2082
171
322
458
1297
1368
1472
1591
1726
455
560
710
797
1557
1740
1875
1307
676
795
290
1082
1267
1978
2112
202
322
1114
1216
1303
1439
202
319
406
574
661
1437
1557
1725
1938
540
675
154
914
1689
1857
1960
2079
152
288
1049
1183
1302
2109
182
319
453
1292
1350
1467
1587
1722
392
571
706
826
1585
1721
1938
1320
2079
160
287
1048
1182
1957
2109
182
285
1045
1215
1334
1467
1570
315
451
635
690
1466
1586
1688
1824
557
657
793
289
1081
1937
1305
2081
154
290
1050
1187
1337
2114
187
323
442
562
1306
1442
1546
1698
411
579
698
834
1587
1729
1865
1312
2072
803
297
1057
1273
1361
2120
193
297
1057
1225
1312
1432
1552
329
449
648
704
1479
1583
1735
1872
611
663
807
927
1094
1949
1941
2077
166
910
1061
1229
1317
2077
167
301
423
573
1316
1436
1556
1707
452
651
675
811
1555
1706
1842
1322
2113
842
945
1065
1235
1320
2080
168
304
1083
1234
1350
1486
1590
288
422
574
706
1486
1590
1740
1876
653
708
843
963
1067
1874
1321
2081
170
289
1065
1200
1320
1487
200
336
455
623
1352
1486
1590
1741
455
654
677
812
919
1740
1940
1323
2099
812
291
1069
1202
1354
2114
219
338
457
1233
1320
1442
1593
321
456
626
679
1439
1559
1695
1942
1310
696
799
293
1054
1940
1324
2084
158
293
1068
1235
1324
1442
173
308
430
582
1327
1446
1566
1703
464
664
690
809
929
1737
1874
1370
2098
811
308
1116
1252
1997
2133
222
341
477
1317
1341
1461
1581
311
2236
820
2745
1345
3255
1854
3795
348
2930
1466
3391
1335
191
2117
700
1986
1257
3823
330
2221
837
2762
1345
3255
1870
3796
364
2930
1481
3391
1350
190
2114
747
2033
1336
3890
326
2237
835
2760
1392
3286
1900
3825
363
2927
1511
3436
1396
235
2160
711
1997
1267
3849
369
2279
846
2756
1355
3265
1975
3900
325
2890
1517
3446
1390
198
2124
722
2631
1342
3924
329
2242
841
2766
1366
3259
1923
3831
336
2893
1518
3442
1402
242
2166
717
2627
1322
3887
328
2253
852
2777
1393
3302
1917
3842
379
2944
1464
3421
1988
204
2129
728
1998
1285
3850
339
2248
848
2773
1388
3315
1912
3851
387
2934
1485
3409
1974
206
2128
742
2650
1328
3891
318
2212
821
2745
1375
3283
1897
3821
341
2922
1504
3411
1338
177
2101
733
2015
1237
3802
339
2246
844
2770
1367
3260
1874
3814
303
2867
1452
3358
1317
172
2080
695
1979
1234
3798
287
2211
809
2718
1318
3225
1840
3764
316
2881
1432
3356
1315
151
2079
678
2571
1185
3110
318
2226
825
2750
1301
3210
1936
3861
285
2851
1433
3357
1957
189
2112
663
1948
1219
3144
320
2213
822
2752
1303
3196
1859
3784
304
2869
1452
3393
1352
175
2116
699
2608
1207
3133
308
2217
816
2728
1291
3200
1847
3772
276
2825
1424
3349
1916
131
2055
654
1939
1210
3136
264
2172
771
2712
1322
3236
1835
3760
264
2173
1460
1801
1824
1810
1815
1836
1200
1445
1850
1841
1831
1213
1860
1866
2064
2070
2076
2082
2058
1454
2100
2105
2111
2117
2120
2130
2119
1483
2130
2136
2158
2161
2170
2160
2150
1530
2168
2179
2185
2189
2198
204
577
295
1322
1698
2087
2092
2099
2100
2076
1457
2103
2109
2115
2117
2125
2130
2120
1500
1489
1512
1516
1841
1838
1823
1217
1879
1883
2097
2103
2107
2112
2085
2106
2128
2115
2761
2750
2755
186
593
933
1337
1710
2099
2104
2094
2098
2088
2089
2114
2121
2125
2114
2135
2140
2113
1494
2139
2144
2149
2154
2159
2148
2137
2142
2180
2169
2174
1538
1543
1580
1329
1974
1979
1984
1989
2010
2015
1989
1370
2014
2020
2105
2110
2114
2104
2093
2098
2119
2124
2129
2134
2156
2160
2135
1516
2162
2168
2190
2196
2186
2191
2184
1563
2209
2215
2221
2210
2232
239
596
362
1391
1764
2154
2159
2165
2170
2160
1542
1739
2128
2134
2124
2129
2120
2124
2145
2151
2156
2161
2167
2172
2146
1527
2172
2178
2184
2189
2194
2200
2173
2178
2217
2204
2210
2215
2235
2242
2230
1788
3074
3079
3068
484
906
1325
1650
1415
2060
2065
2054
2060
2071
2086
2075
1457
2086
2087
2177
2181
2186
1536
917
1562
1775
2180
2186
2187
2196
2169
1567
2212
2201
1293
1759
230
746
1293
1120
1654
2183
716
1119
1619
2134
2010
495
402
1542
1417
542
1026
866
1387
1948
401
916
1417
1340
1823
276
792
1371
1775
245
743
619
1164
1662
2143
641
1155
1013
1542
1416
508
1004
1487
1984
1922
342
856
1366
1916
336
850
724
1270
1768
237
746
1261
1730
1589
2115
603
1134
1632
2147
599
489
988
1503
1970
454
936
1484
1342
1888
309
820
1354
1898
321
180
726
1321
1712
178
688
649
1081
1580
2095
597
435
1577
1468
1967
467
340
1498
1997
433
309
824
1319
1934
338
853
1369
1323
1711
179
694
1289
1756
210
2130
663
1066
1565
2112
597
1080
295
1454
1329
470
969
1500
1327
1939
311
807
1326
1953
309
809
684
1199
1714
215
730
1245
1712
1571
2083
587
1102
1618
2134
635
459
336
1495
1995
432
308
824
1340
1932
337
855
1369
1889
1745
1577
702
1249
1718
186
702
593
1077
1578
2106
609
1077
1576
1468
1967
435
312
1467
1967
448
307
843
1342
1890
311
826
1342
1265
1761
234
697
1266
1728
182
2105
640
1234
1876
1974
453
1084
1739
1727
319
357
1622
1624
188
830
1520
1506
2148
743
745
1387
2012
608
610
1252
1971
457
451
1101
1728
1776
372
355
1592
1590
205
832
1521
1521
2149
741
714
1356
1358
610
627
1234
1911
455
461
1101
1724
368
370
360
1594
1597
204
828
1467
1470
2112
703
1342
1346
1345
598
599
1255
1941
440
442
1083
1753
350
305
302
1571
1572
182
807
1496
1498
2091
684
1327
1328
1986
660
1206
1207
1846
459
460
1102
1694
287
292
933
1574
162
168
796
1481
1487
2078
675
1316
1318
1976
572
1228
1230
1952
417
420
1058
1703
299
284
315
1583
162
164
834
1479
1478
2119
702
1344
1309
1939
558
1224
1222
1911
441
1085
1087
1723
291
279
282
1548
156
156
802
1429
2066
2084
663
1308
1308
1937
563
1217
1222
1860
409
1049
1053
1697
274
278
279
1550
157
160
838
1476
2119
2077
672
2558
1973
1352
651
1225
1275
1842
419
1060
3767
2905
3512
364
1964
2489
1582
337
945
2175
733
1796
1154
2431
2999
1608
343
1611
2203
3436
4060
191
2094
2688
578
1850
2435
3679
134
191
1783
2391
1269
1878
3129
267
1512
2760
3356
651
750
2063
1822
2433
627
150
533
3252
2370
184
1447
1415
3275
3896
747
2013
2605
334
1605
2191
225
1496
2080
147
2018
735
142
1828
2418
707
136
852
218
1490
2036
3309
1872
590
1220
2468
202
2041
2042
649
1852
2537
208
1583
3537
1987
757
158
679
1928
2537
332
159
1326
1933
189
162
1134
496
2428
2357
3602
1895
585
1802
3729
381
489
1038
2287
2879
690
1936
168
1396
2644
903
2136
2757
523
1178
2379
240
176
1391
2015
290
2130
2144
774
1365
2630
392
2152
1611
2841
589
1461
2460
3065
287
1551
2784
3392
3367
740
1989
258
1551
2135
417
2060
779
174
2699
1229
1837
3086
209
179
187
2023
1902
176
1681
1658
766
586
1613
1437
741
382
615
2443
1706
1099
376
1762
283
221
1746
585
193
229
1439
681
1386
1954
1895
750
407
772
1814
582
186
2048
2244
1504
1220
199
198
211
1489
1215
1680
1264
780
731
2418
639
196
259
682
1325
973
1621
2186
189
253
185
1152
2427
1546
1322
1346
1086
190
193
197
1408
600
195
2047
599
249
513
199
708
592
1179
1763
1770
691
201
202
841
769
603
2154
2119
182
1324
1674
891
1266
2369
1310
173
1145
2088
1477
1466
800
162
161
1981
1042
1682
205
1966
141
1631
2108
1387
1394
152
146
1940
1171
1785
1184
144
1309
141
1084
1932
1654
139
594
130
2020
1282
402
145
570
1765
1709
2340
413
126
452
3496
2037
1405
2021
684
1666
1017
1105
2928
1899
1515
120
178
211
129
131
125
120
678
1929
1496
536
959
231
550
121
338
1943
189
116
1938
476
1330
127
385
129
131
1971
147
144
1913
1951
516
284
374
146
141
629
691
151
150
289
643
155
145
267
168
162
375
155
173
155
150
352
152
158
157
1282
2044
172
1258
3882
1909
1061
1990
1990
2002
159
614
159
805
1103
188
703
1960
177
619
2020
159
171
183
482
1576
2071
701
1974
1986
202
2046
1999
627
170
3957
1497
176
1198
777
581
629
174
1998
177
169
622
254
1176
759
510
2001
187
3515
2023
392
498
190
399
182
300
183
190
295
198
296
1994
186
751
1975
1395
602
1056
197
190
200
2009
193
200
2138
632
3051
274
1304
228
846
2893
2026
2055
641
3473
199
209
1416
2025
195
1439
207
1489
195
192
202
2078
388
200
1606
426
212
2014
724
3877
777
218
2050
2072
195
1573
206
1234
194
1480
3373
203
190
2115
180
1882
176
183
1673
174
1760
183
1096
3899
172
176
177
1374
163
188
3169
164
2018
179
3276
1980
800
173
1088
173
2953
446
163
160
2060
172
2299
810
217
1980
290
159
160
1741
165
3015
1969
789
162
168
646
1951
3786
160
3160
187
158
1605
755
163
1735
161
2132
166
159
1583
164
2000
429
171
2255
568
2331
207
165
2223
2065
171
1268
1988
3955
281
172
1656
1972
779
2060
1619
2551
2058
1796
2127
163
170
1039
1030
1329
2063
2570
2594
1626
1993
1264
2091
2008
1847
2418
1782
1321
1716
1063
172
687
1969
1320
2060
1287
1302
2798
1733
1705
175
672
2066
1690
177
178
1231
173
496
325
1361
1802
1199
768
708
745
177
688
1740
1988
2644
1846
172
180
2063
1641
2273
170
961
977
1551
2064
185
264
608
2003
1190
886
538
541
3118
181
476
2074
1554
2502
2029
1928
186
192
1423
181
179
975
580
273
2079
1839
200
452
1217
399
1073
2177
2303
2536
2583
2018
2270
199
211
2016
1068
1060
927
1174
1782
1401
1338
1820
1181
1953
1130
1578
