4623
2243
2376
2560
2282
2485
2713
2432
2662
2888
2348
2574
2804
2368
2599
2212
2439
3180
8594
2353
2582
2298
2528
2757
2216
2511
2669
2386
2614
2838
2554
2778
2234
2469
2697
2254
2479
2712
2315
2539
2796
2249
2450
2688
2393
2618
2839
2314
2524
2242
2471
2696
2415
2655
2870
2331
2839
3626
2474
2640
2858
2434
2652
2094
2324
2550
2266
2492
2723
2180
2474
2635
30632
21518
837
1052
613
841
1070
654
882
1107
693
915
1134
720
944
524
748
972
553
775
997
1221
1456
1674
635
863
1090
660
885
1112
694
921
507
733
961
548
775
1003
591
819
1044
629
856
1083
1310
2178
1766
727
954
525
752
978
562
786
1014
599
827
1055
640
868
1095
683
908
1773
717
943
1168
1393
1619
579
807
1032
605
829
1058
644
870
1097
685
910
1136
724
950
535
759
987
576
802
1027
630
1482
1707
666
895
1121
690
916
1144
732
957
545
769
997
582
809
1035
623
847
1075
662
886
1115
1342
945
533
759
985
556
782
1008
596
3382
1049
637
865
1100
680
906
1132
720
948
535
761
989
1215
817
1668
631
860
1086
659
891
1115
1341
928
513
739
965
552
780
1009
596
822
1046
633
862
1087
1313
1541
1767
731
959
532
758
984
573
801
1026
613
841
1068
653
880
1106
695
923
511
740
969
1194
795
1024
609
838
1064
634
860
1089
675
911
1132
721
949
535
761
990
576
802
1029
614
843
1069
670
1524
1125
711
943
513
741
969
555
784
1012
600
826
1052
640
869
1097
685
914
1142
728
955
1183
2049
1637
599
824
1051
622
848
1074
662
889
1117
705
934
520
746
975
563
790
1018
606
844
1060
664
891
1755
706
935
1160
743
960
546
772
1000
1227
815
1044
632
856
1084
673
901
1129
717
946
1174
1402
1631
594
820
1046
619
845
1074
661
888
1114
701
930
1156
742
968
555
701
1490
995
1142
1288
796
942
1089
595
743
892
1038
546
692
841
1002
1133
641
803
936
1084
605
738
885
1673
536
685
1471
979
1128
651
785
930
1077
585
731
880
1027
536
681
830
991
1124
633
796
929
1078
599
730
1519
1042
536
684
845
979
1127
1275
783
932
1078
587
733
879
1027
534
679
828
991
1124
630
794
925
1073
593
725
872
1660
1168
1325
1463
969
1115
638
772
917
1066
575
723
871
1013
1176
669
815
979
1112
618
781
914
1063
597
718
864
1651
1158
666
1455
963
1112
1258
763
912
1060
566
714
863
1009
1171
663
810
972
1104
610
772
905
1051
583
706
854
1643
1151
659
1448
954
1101
1247
755
904
1052
559
707
855
1004
1165
656
805
968
1099
606
767
900
1046
574
709
847
1008
1140
647
807
937
1083
606
739
885
1034
540
686
832
978
1142
632
780
942
1075
583
744
877
1024
548
680
826
1614
1123
631
794
928
1076
1224
729
875
1021
541
673
822
970
1131
625
771
935
1068
574
736
867
1015
538
671
818
982
1113
620
1406
912
1058
1207
713
860
1006
1154
662
807
955
1117
609
756
916
1050
555
719
850
996
1157
648
796
1585
1093
601
1389
896
1042
1190
697
846
993
1141
647
793
938
1102
594
740
901
1032
541
704
837
986
1774
642
790
1579
1086
593
1377
886
1032
1180
687
833
979
1128
636
784
930
1094
587
738
902
1033
541
705
836
984
1148
638
786
1576
1083
592
1378
885
1031
552
683
830
978
1127
635
783
930
1091
582
665
719
787
853
936
990
1057
1126
554
620
686
1392
821
889
958
1663
1089
516
584
666
717
785
853
936
988
1056
1122
548
614
680
1389
817
884
950
1658
1086
524
581
663
715
781
843
927
977
1046
1113
539
605
674
1379
808
874
940
1649
1075
503
569
653
704
773
838
920
973
1039
1108
536
603
670
1375
801
869
938
1019
1073
499
572
651
704
771
837
918
971
1038
1106
534
602
668
1374
803
871
939
1023
1076
504
570
650
705
770
839
923
973
1040
1109
536
618
671
754
807
874
943
1648
1077
505
573
657
711
777
845
929
983
1049
1117
545
612
678
761
812
879
947
1030
1082
506
576
669
710
779
847
930
983
1052
1120
549
615
683
1390
817
887
952
1663
1092
518
586
670
723
790
856
940
990
1059
1127
554
622
691
1398
828
897
965
1673
1100
526
595
679
731
800
868
950
1002
1071
1140
568
636
702
1409
838
906
974
1056
1107
1173
599
681
734
800
869
951
1001
1068
1135
563
630
696
777
830
899
968
1673
1101
1167
595
678
730
795
863
947
997
1063
1130
556
622
690
1396
822
889
957
1040
1095
1162
589
672
721
797
855
939
990
1056
1122
549
615
681
765
816
884
951
1652
1085
1152
580
663
717
783
858
935
989
1055
1122
1205
616
604
590
595
582
556
1184
1170
1157
1144
1144
1758
1104
1092
1077
1066
1053
1041
1044
1658
1004
990
976
965
952
939
942
1555
902
888
875
863
849
837
841
1452
803
785
772
759
745
730
730
1345
694
679
666
654
640
631
630
1244
593
579
567
553
541
528
529
1143
1131
1119
1106
1092
1087
1092
1696
1042
1028
1017
1003
992
977
979
965
938
1565
913
900
889
878
881
868
839
827
816
802
790
779
781
769
739
728
716
702
688
674
676
1287
635
624
612
601
589
578
582
568
539
527
516
1141
1130
1134
1747
1095
1083
1070
1056
1041
1029
1032
1645
994
982
970
956
945
931
934
921
894
880
866
854
843
823
830
1443
790
778
766
755
744
729
730
1344
690
679
665
651
637
624
625
1238
586
575
561
550
535
522
523
1137
1123
1109
1096
1082
1071
1072
1060
1033
1022
1008
996
983
971
972
1583
926
914
901
889
878
864
866
855
828
814
800
789
778
765
769
2019
728
717
704
691
677
663
667
1278
626
613
600
585
584
562
565
1177
523
514
496
484
472
1114
1725
1074
1060
1048
1037
1023
1012
1014
1628
974
960
865
773
682
588
496
1042
966
856
778
669
592
496
1046
940
1488
754
1302
571
494
1028
936
842
749
655
561
1109
1018
926
832
740
649
557
465
1029
920
842
735
658
550
1111
1004
1553
821
742
635
556
1089
998
906
813
721
629
538
1083
991
899
808
720
624
531
1094
988
911
802
725
616
538
1068
990
883
807
697
621
514
1062
971
877
783
690
598
505
1050
959
867
774
680
588
1163
1042
963
854
778
1311
592
1126
1047
940
1488
758
681
572
1118
1025
933
841
747
653
560
1108
1016
923
831
739
646
552
1098
1021
914
838
729
650
544
1730
998
1549
817
739
629
1178
1084
993
902
810
717
626
532
1079
985
894
802
710
619
527
1091
982
906
797
720
611
535
1066
1613
876
800
693
1240
1145
1052
961
869
777
683
592
1138
1701
955
861
767
675
584
1145
1037
958
850
771
663
584
1117
1041
932
1481
749
670
564
1113
1015
922
830
737
644
547
1097
1006
914
820
726
633
539
1085
1007
817
646
1114
940
768
597
1065
892
1357
559
1027
841
669
494
962
790
616
1083
909
752
581
1049
862
691
519
994
815
641
1110
938
1406
608
1076
886
712
538
1007
833
660
1125
953
1422
623
1092
903
731
559
1025
854
680
507
975
1444
647
1114
925
755
582
1047
872
700
528
996
1463
666
1134
948
776
605
1073
899
728
556
1022
1491
694
1160
971
800
627
1092
921
747
574
1040
881
709
520
987
813
639
1106
932
760
588
1055
898
727
544
1007
835
661
1127
956
782
608
1074
917
745
556
1023
851
680
1147
974
800
626
1092
1561
764
578
1044
870
698
1165
991
817
643
1112
955
789
595
1062
888
716
544
1011
844
666
1132
1600
801
613
1081
907
736
561
1028
854
681
1148
991
819
633
1099
928
756
582
1048
875
701
1167
1636
837
651
1119
947
774
600
1068
896
2004
567
1661
864
675
1142
967
796
622
5916
771
1143
892
7559
1026
775
523
909
656
6099
1430
539
7264
690
1063
810
556
944
708
1079
1467
574
960
721
7430
839
587
976
6419
1110
1496
602
991
751
1123
869
618
1005
752
8843
1524
632
1016
778
7063
898
6160
1034
781
528
1554
671
1044
806
537
925
674
7401
811
558
7282
694
6450
842
574
6132
711
1100
846
6137
1617
726
7452
884
611
1000
748
1134
881
627
6768
762
510
7309
649
1036
8489
548
965
666
7120
801
547
949
681
5781
816
1205
951
6514
1726
831
6918
982
716
1104
852
614
6685
735
2978
870
618
1019
751
497
6314
1272
1017
764
528
899
645
7986
779
525
5707
675
1046
791
6951
926
673
1074
805
554
6789
1326
1075
823
7948
958
1346
1106
837
583
972
1992
1108
855
620
7326
734
6179
868
617
2919
1393
500
886
650
1021
1981
2214
6360
1611
6198
945
6964
920
1803
7957
560
7847
535
3339
510
7229
499
2010
6621
785
1981
6442
1050
1384
2243
7033
1013
2674
8108
657
7925
616
2140
7097
897
1391
1755
541
7281
515
1474
2405
6182
1103
9181
1099
7499
1057
2583
6932
702
1468
1089
2237
7578
979
6327
933
6705
906
1248
2828
551
7411
541
6532
512
1140
1383
2019
6790
776
2284
6433
1058
1762
2237
5896
991
1878
7307
638
6643
610
1424
1236
6590
576
2086
6530
860
2952
7802
497
7277
1097
5989
1085
5769
1042
6096
1018
7026
1008
1198
1458
1043
7976
610
5975
637
5738
559
6076
535
6542
1165
2038
6238
1432
6797
767
5692
741
5428
716
1401
691
1296
1883
6220
639
7371
614
1883
2446
7234
565
5931
542
1853
2374
5330
1771
8416
1123
8459
1083
7729
1057
3229
8258
1113
911
2131
2361
1804
1416
2177
1991
2213
1103
2772
8654
638
2706
2295
1623
2111
1382
1915
1574
1671
1954
2911
8869
797
1956
2211
1476
1494
1853
1123
2142
8297
907
2352
2088
1613
1751
1980
1996
1455
2018
2246
834
1853
2289
3177
1550
2330
1453
1499
1328
1784
2187
648
2003
1735
1907
1870
8106
644
2018
7973
1325
1259
2144
8755
956
1766
2044
2216
1952
1253
2255
1161
1586
2294
1313
2164
1580
1924
2149
1823
1476
2191
1578
847
3514
1335
1161
2276
1039
1248
2403
7752
912
2357
3224
2172
808
826
2854
1236
2030
2257
3226
8469
1077
1169
1592
2247
8969
944
1734
1011
2189
1401
2005
1678
1591
2044
2273
1858
1004
1903
1901
1559
1787
1943
2254
996
1561
2213
1231
2028
1702
1759
1905
1484
2196
3710
2579
1996
1944
1723
1229
1942
1090
1902
597
1369
2764
1631
2386
1283
1981
1903
1793
666
1777
2075
1656
2521
1878
1199
2131
2316
1143
1970
2117
2264
1412
1598
2218
1391
2359
1298
2011
2091
2305
1886
1959
1555
1853
1850
1553
2060
1302
1714
924
2006
1185
1749
1390
1389
2191
2023
1756
791
2050
2194
2399
1281
1154
2140
1377
3162
2637
1854
2231
930
866
1701
1494
1344
1828
1976
2210
2267
1387
810
1228
2454
1588
1126
2019
2166
1667
3203
1400
1548
2261
1249
1917
1576
2129
2357
1585
2014
2276
2307
1693
1573
2146
2252
2398
1905
2052
1966
2346
2579
2640
1658
1598
1538
1382
2269
1195
1230
1897
1124
1638
1258
1847
1555
1983
1049
1938
2183
2248
1270
2191
1320
1323
1021
1791
1283
1254
2209
1868
2596
1771
1839
1997
1408
2041
2485
2249
2884
1743
1736
1234
1881
1140
2728
2706
1199
2258
2269
1767
2404
1535
1910
901
1885
3606
1883
2230
2405
1371
908
1511
1939
1995
1958
2828
2926
1872
1683
1029
1822
858
1740
2367
2788
2160
2225
2380
2359
1786
1653
849
2397
2053
1217
2010
2310
2961
3757
1182
1956
1658
1559
2082
1118
1584
2995
1701
2476
2573
1482
1895
1098
1495
1784
2087
2328
1808
1537
773
2694
2019
1901
1777
1541
1480
2041
1783
912
1635
1188
2135
2126
2253
1992
1379
1743
1810
1321
1944
1315
2135
1688
