10 5314 2078 1794 538 644 0.11% 0.056% 0% 0.018% 838 217 1235 537
10 5401 2057 1800 532 639 0.018% 0.037% 0% 0.018% 822 192 1230 534
22 2200 3761 1598 2601 734 0.045% 0% 0% 0% 2403 2653 1353 1006
10 1100 2072 1816 536 637 0% 0% 0% 0% 835 205 1232 540
22 1100 3707 1598 2552 730 0% 0.09% 0% 0% 2371 2620 1331 1005
10 300 2083 1775 532 637 0% 0% 0% 0% 821 193 1257 539
11 273 1993 1800 621 655 0% 0% 0% 0% 850 185 1142 582
12 249 2000 1790 642 623 0% 0% 0% 0% 876 195 1117 598
13 231 2607 1796 1338 654 0% 1.73% 0% 0% 878 190 1724 1290
14 214 2762 1808 1109 640 0% 0% 0% 0% 829 187 1929 1097
15 200 2683 1786 978 614 0% 0.5% 0% 0% 835 189 1843 962
16 187 2818 1786 477 613 0% 0% 0% 0% 804 186 2010 417
17 176 1995 1786 624 644 0% 0.59% 0% 0% 831 186 1159 595
18 167 2001 1796 620 649 0% 0% 0% 0% 808 192 1188 597
19 157 2052 1857 624 600 0% 0% 0% 0% 802 190 1245 577
20 150 2054 1927 616 599 0% 0% 0% 0% 865 200 1184 591
21 143 2197 1840 984 650 0% 0% 0% 0% 894 709 1298 757
22 136 3655 1593 2458 700 0% 0% 0% 0% 2354 2665 1297 1025
23 130 4119 1519 2470 655 0% 0% 0% 0% 2943 2622 1172 834
24 125 3989 1290 2780 643 0% 6.4% 0% 0% 3100 2567 885 724
25 120 2761 1075 1884 560 1.67% 5% 0% 2.5% 2178 1691 579 574
26 115 2992 1177 2072 612 0% 6.1% 0% 3.48% 2313 1829 674 777
27 111 2421 1017 1147 458 0.9% 5.4% 0% 3.6% 1794 572 622 864
28 107 2713 965 1122 520 0.93% 4.7% 0% 0.93% 1800 484 908 916
29 100 2787 1043 954 508 0% 7% 0% 5% 1827 453 955 802
10 358 2528 1893 2145 964 1.11% 1.11 0% 0.55 1401 2055 1121 731
12 300 2008 1794 615 703 0% 0.33 0% 0.0 905 251 1098 592
14 257 2783 1789 1139 708 0% 1.94 0% 0.0 875 252 1905 1135
16 225 2834 1780 446 633 0% 0.0 0% 0.0 892 277 1938 449
18 200 2002 1786 630 704 0% 0.5 0% 0.0 855 242 1143 594
20 180 1976 1768 651 707 0% 0.0 0% 0.55 881 253 1091 613
22 163 3659 1835 2513 745 0% 0.0 0% 0.0 2044 2407 1611 1050
24 150 4277 1389 2985 690 0% 0.0 0% 0.0 3218 2751 1055 730
26 139 3059 1344 2022 765 0% 0.0 0% 0.0 2250 1809 804 836
28 128 2947 1358 1133 766 1.56% 2.34 0% 0.0 1814 517 1128 1066
30 119 3190 1499 859 866 0% 0.84 0% 0.0 1872 560 1313 782
16 2700 2819 1775 445 633 0.074% 0% 0% 0% 848 192 1965 404