464
317
1534
271
288
975
704
358
1627
1725
1472
2746
3317
509
2057
2340
289
2134
874
730
1008
2136
310
1468
486
1396
2646
3225
1014
1623
2847
3443
671
1927
361
2044
2661
915
2174
2761
488
1928
2545
1664
2273
543
1164
2410
138
1395
1975
2027
1144
2407
2993
795
2009
2647
231
102
1145
1752
2967
795
1386
2617
3229
492
94
365
832
2206
93
691
383
2072
812
93
1268
1877
135
85
1934
669
98
1443
181
84
1849
2455
718
1967
2544
308
2223
2155
86
268
2925
2127
275
1882
2165
1286
2411
494
782
2365
623
1857
2465
230
865
2087
778
1998
2619
696
1903
933
82
484
1740
2321
294
1708
2154
64
1964
3198
193
127
1795
534
2447
2359
3624
508
1663
270
1526
2142
3360
148
78
503
1767
3015
155
62
493
69
420
75
1138
1735
2980
774
1383
2616
3224
492
1726
2333
112
2031
1961
64
1305
2544
823
1422
2677
3290
546
1812
2429
179
103
1454
197
833
2062
2690
676
1936
144
1798
507
1716
2368
148
1948
690
147
2055
156
1415
2642
3221
652
202
482
211
1944
670
1903
2529
278
2197
2124
172
1937
678
177
380
183
1742
470
192
182
2000
2014
3262
262
205
795
194
176
184
1298
2550
3147
942
2176
2787
520
194
1448
2685
320
189
2164
888
326
621
201
1967
692
2534
310
1587
2158
3408
661
203
1160
1778
2959
829
1390
2699
1021
2283
525
1780
2349
3548
2190
895
1516
2752
495
175
1971
2627
869
2133
2725
488
168
235
162
237
1485
152
1777
514
168
1972
2597
872
2121
2714
460
1733
2286
3335
259
149
1749
472
1717
172
270
1994
2097
323
169
1830
558
150
140
2058
1982
731
1234
2483
3088
872
2137
2730
462
1718
2306
3554
1908
631
146
923
2174
2797
592
1825
2435
166
1492
2005
3258
1789
530
2421
388
143
1783
506
149
2031
768
1345
2612
3220
507
1754
2380
142
1142
2452
1576
2170
429
1679
148
1187
1815
3063
827
2117
2704
156
148
2061
1991
148
573
1820
3056
214
287
1976
699
143
1371
2609
208
1702
2056
2032
1644
2238
513
1763
2399
3590
714
1887
2557
258
1578
262
839
2120
153
1773
512
150
2051
150
153
2090
189
167
1615
307
1573
156
649
156
1053
2302
2911
709
649
2550
3800
188
2085
2672
3260
450
1369
2679
2541
253
157
3631
485
1765
2376
3608
252
971
2751
147
803
198
2649
766
1378
2627
3238
494
1755
2351
165
1414
1993
3258
3853
674
1907
2530
247
217
176
1433
2003
423
178
1789
494
186
1989
2578
857
2091
2684
433
1682
2275
3510
171
181
1599
2224
500
183
1769
524
178
289
195
1635
360
195
1323
1901
210
180
262
418
1481
205
2102
2048
222
1909
644
188
1132
2350
626
1887
2453
186
1722
445
1607
2288
492
1398
2659
300
194
1743
462
498
655
950
188
413
675
194
468
207
1322
2570
221
199
1665
2244
533
375
632
187
1241
2493
3086
866
2099
191
1544
2138
428
191
1744
470
189
360
538
2202
3469
763
194
372
199
1783
475
200
383
216
2242
278
2879
2136
2746
512
197
1905
612
1801
2487
955
1571
2798
3391
851
2076
2710
441
586
478
1767
2321
453
1086
2312
555
1844
2430
451
192
278
1551
2123
366
2151
2191
270
1205
2438
3050
843
390
656
2486
2515
678
1327
2571
860
219
241
203
2163
886
1496
2729
493
217
241
2173
2098
512
804
194
230
204
1464
196
1035
245
1980
702
179
2036
2658
895
2180
2788
504
199
443
422
2109
832
2080
2674
484
1745
2310
346
1602
2187
175
429
1955
2594
1717
2326
586
1850
2430
3676
1934
657
1935
2484
3749
2039
762
2028
2636
351
1836
2196
3446
1670
393
2305
2235
2784
1199
2435
708
174
680
167
1835
558
179
2051
178
1993
362
1637
2219
2812
497
1713
2324
3589
856
2129
2682
710
1008
3080
2852
870
1463
2728
507
2060
2350
174
2117
182
2028
554
169
1965
675
186
213
178
1240
2473
3079
878
3703
2724
3954
263
165
1178
2411
703
556
467
1717
2326
3575
235
359
654
162
531
167
2038
746
2019
2604
1555
1312
2578
209
243
450
731
184
1822
529
176
1925
665
174
2090
830
184
193
1450
2036
168
2178
2027
3397
784
2025
2642
438
165
186
163
2785
4030
274
2171
2757
356
634
261
1502
208
167
1699
2310
2902
1325
1947
158
1359
2001
160
1637
376
1626
170
668
514
831
173
849
176
1204
2487
746
1324
2634
164
2089
799
1424
2673
3250
565
1798
2391
172
1420
2030
3245
3872
674
1908
2529
296
167
1307
2556
192
2088
2034
3267
233
157
2137
204
166
160
154
1986
2611
889
2119
2729
476
151
1950
673
268
533
152
1816
523
166
1934
657
1186
2499
591
840
146
334
1002
172
484
146
1729
457
146
1691
430
1838
2256
1661
2052
771
1384
2636
3242
494
1760
2353
148
1413
2018
3271
3881
637
1887
2495
260
153
2085
824
140
172
1985
1999
3249
212
2125
2070
150
1451
2060
335
158
931
2180
2757
588
140
1197
2465
3055
883
2116
2726
441
2030
2299
1422
2015
274
153
1909
616
138
1772
2366
623
1873
2483
214
2130
2069
148
924
2173
2767
578
1828
2420
153
142
1691
401
1570
2291
868
150
343
153
155
2053
1998
633
291
145
229
145
1562
2157
430
137
593
1843
147
519
1755
584
877
3602
2720
244
1368
2070
147
1405
2635
286
570
481
138
1805
2412
654
1917
2524
238
1528
2093
3340
1918
639
116
1998
737
220
513
94
1450
180
720
373
1637
1919
759
97
1081
2345
2938
751
2561
2589
623
1995
2464
682
1607
325
1961
2438
293
1209
2458
114
105
1791
498
72
407
1653
515
168
83
1435
172
1445
2014
225
1502
2067
2678
297
1545
2139
3371
638
1170
2496
59
164
1401
2022
3257
3850
687
1935
2530
305
2221
2146
3382
1845
569
54
1854
621
1199
2478
3071
355
53
278
53
861
2106
365
375
368
987
1010
1628
1621
1632
1032
227
219
857
846
841
1489
1482
1480
894
88
98
746
723
1373
1365
1377
2009
2018
2011
1417
591
600
1234
1229
1236
1854
1867
1269
444
452
1094
1111
1104
1753
1749
1756
1174
339
345
979
972
1621
1618
1621
1027
203
213
833
840
833
1466
1475
1468
902
81
715
723
717
1366
1359
1368
2001
2015
2004
1407
584
593
1229
1238
1853
1863
1860
1258
456
445
1111
1104
1097
1748
1741
1736
1152
328
978
972
980
1618
1622
1616
1021
199
206
844
832
827
1455
1472
1465
879
74
723
717
709
1360
1353
1361
1994
2004
1997
1399
577
1228
1235
1229
1850
1859
1853
1255
429
438
1089
1100
1091
1740
1733
1151
329
323
973
982
961
1608
1621
1611
1016
191
200
821
826
820
1470
1467
881
74
68
702
706
703
1353
1346
1341
1989
1982
1995
1393
571
1221
1214
1223
1844
1834
1845
1249
427
433
1082
1093
1084
1718
1727
1130
323
318
966
958
968
1601
1611
1604
1008
184
195
810
824
1457
1450
1460
873
68
64
710
704
700
1346
1343
1350
1342
1975
1394
571
564
1198
1207
1217
1836
1847
1841
1243
421
426
1079
1085
1079
1712
1721
1139
316
310
959
953
962
1595
1589
1597
1000
180
815
804
802
1451
1456
1438
868
61
57
688
698
691
1340
1334
1328
1976
1971
1387
565
559
1208
1217
1194
1832
1825
1834
1232
412
1831
1885
1066
1072
1705
1715
1118
310
304
953
946
956
1589
1586
1591
993
172
789
802
795
1444
1438
1431
861
56
49
685
675
685
1334
1325
1964
1954
1964
1368
554
581
1238
1243
1247
1890
1896
1307
488
506
1178
1177
1178
1818
1831
1254
441
451
1089
1087
1102
1737
1751
1748
1169
335
349
967
984
1619
1631
1627
1044
240
236
232
883
879
1526
1527
2177
2173
2187
1590
768
764
1414
1410
1421
2040
2051
2041
1429
611
1271
1274
1265
1895
1901
1895
1307
482
473
1120
1112
1121
1751
1763
1751
1153
329
967
956
967
1596
1593
1619
1032
197
203
837
849
840
1490
1487
2132
2126
2139
1538
717
710
1360
1354
1363
1985
1991
1985
1389
586
1231
1226
1235
1872
1878
1874
1291
469
463
1097
1106
1100
1749
1763
1162
340
349
971
981
975
1625
1603
1630
1029
222
216
850
860
1509
1503
1497
2147
2145
2135
1554
733
742
1376
1370
1360
2002
1996
1410
593
583
1248
1242
1240
1246
1884
1890
1309
488
481
1132
1125
1777
1769
1779
1166
361
354
992
1002
988
1618
1625
1044
233
228
878
888
881
1515
1525
1519
2169
2163
2157
1575
754
748
1382
1392
2030
2021
2030
1435
614
605
1271
1265
1275
1909
1904
1929
1332
506
1144
1138
1148
1782
1792
1789
1191
383
381
1014
1006
1640
1642
1643
1061
247
248
893
888
898
1529
1539
1536
2166
2175
2173
1591
749
1394
1395
1401
2039
2032
2025
1428
622
616
1278
1262
1280
1917
1908
1326
523
498
1162
1140
1150
1804
1795
1787
1192
383
377
1014
1007
1658
1648
1645
1063
254
248
901
891
900
1535
1544
1538
2173
2180
1587
762
756
1404
1399
1409
2046
2039
2033
1436
630
624
1286
1267
1917
1923
1918
1339
515
508
1162
1155
1161
1796
1790
1798
1205
380
1016
1007
1021
1655
1648
1654
1073
267
261
894
904
914
1552
1558
2192
2186
2196
1598
777
771
1420
1418
1424
2045
2055
2050
1468
630
1293
1286
1296
1930
1940
1936
1356
531
525
1160
1168
1166
1812
1823
1225
404
398
1035
1029
1018
1672
1654
1673
1092
285
279
916
923
1572
1569
1560
2210
2207
2214
1616
784
790
1439
1437
1427
2065
2058
1477
656
666
1311
1324
1315
1966
1947
1954
1947
1367
1185
1195
1188
1837
1832
1842
1244
423
417
1054
1046
1055
1691
1686
1698
1111
290
939
933
943
1576
1579
1583
2232
2224
2218
1637
816
1449
1447
1457
2088
2081
2078
1490
670
661
1320
1311
1319
1950
1945
1949
1350
529
1177
1182
1173
1823
1814
1804
1205
397
389
1025
1017
1009
1654
1649
1655
1068
248
896
888
896
1528
1536
1525
2161
2170
2164
1579
740
748
1385
1389
2022
2018
2008
1413
607
594
1259
1256
1245
1893
1886
1895
1297
474
482
1134
1124
1757
1766
1762
1161
338
347
984
974
970
1603
1612
1026
219
212
206
859
864
1497
1507
1499
1508
2141
2134
1537
714
726
1358
1365
1986
1995
1988
1388
567
578
1222
1232
1225
1859
1868
1877
1278
458
1106
1099
1109
1739
1739
1745
1147
325
334
951
949
948
1592
1601
1015
209
203
836
845
839
1492
1475
1491
2124
2133
2126
1529
707
1356
1349
1359
1977
1974
1983
1385
563
573
1236
1228
1221
1874
1864
1858
1276
453
1102
1096
1106
1739
1753
1742
1148
338
336
966
948
1613
1590
1598
1030
208
201
834
844
841
1487
1484
1474
2123
2117
1535
714
710
1357
1350
1359
1981
1975
1984
1386
565
573
1219
1228
1214
1855
1865
1283
461
454
1104
1098
1111
1741
1750
1744
1146
341
951
953
949
1598
1608
1598
1016
195
205
855
849
846
1492
1487
1499
2129
2120
1542
721
714
1363
1357
1353
1985
1980
1988
1394
568
1234
1229
1238
1871
1865
1878
1277
471
465
1115
1109
1106
1752
1746
1164
343
336
974
967
961
1611
1600
1615
1033
225
216
867
863
1494
1508
1497
2150
2125
2134
1540
734
724
1358
1368
1378
1999
2005
1411
589
579
1248
1242
1232
1882
1895
1885
1287
465
478
1126
1123
1753
1762
1756
1142
353
346
984
977
971
1617
1611
1624
1038
233
226
876
870
1503
1513
1506
2157
2154
2146
1547
740
734
1387
1393
1372
2008
2003
1421
599
588
586
1248
1241
1891
1889
1879
1297
475
1128
1118
1134
1777
1775
1764
1167
362
354
988
985
980
1629
1622
1037
235
241
874
872
878
1513
1506
1515
2148
2158
2155
1554
748
1382
1392
1389
2007
2013
2009
1409
608
601
1247
1256
1250
1904
1894
1903
1306
488
1134
1143
1138
1771
1781
1775
1180
355
364
982
995
1625
1640
1628
1047
242
230
888
878
887
1521
1533
