777
3401
663
398
5060
552
5979
670
419
5938
555
7282
707
440
6876
588
6306
724
458
6546
596
7473
746
594
7210
633
367
757
516
889
639
1028
790
525
5975
678
1051
801
548
940
689
7485
838
572
962
724
1097
843
592
7318
729
5638
881
615
1007
766
7533
888
1853
5634
772
1158
923
656
1045
807
1182
930
7137
1068
8583
1202
7097
701
6145
853
585
3472
720
1108
854
6653
1004
738
6053
890
622
6307
759
1149
895
647
1049
782
6870
933
7001
1052
6396
1189
936
7375
1089
823
7699
972
8684
1094
843
605
979
726
8093
862
613
7378
747
8112
880
643
6947
763
7492
907
652
7236
781
1817
919
680
1052
6499
1204
938
7026
1091
826
575
7406
731
7473
850
614
986
5382
1137
871
621
1010
5348
1148
4761
657
5449
781
1182
916
661
1051
813
1187
935
697
1072
818
6903
955
6065
1092
854
588
994
739
1113
862
614
1002
749
6034
899
630
7997
780
1156
908
650
6255
786
536
7349
675
8422
826
560
6451
695
1082
7808
579
983
715
6803
871
6299
990
738
501
875
622
6710
760
6430
910
645
6733
780
6385
920
667
6623
803
6975
957
693
1078
7012
591
6475
710
5718
851
597
996
728
480
866
631
5805
753
513
888
4752
1039
774
6857
906
4582
1047
790
6934
928
7652
1075
810
558
6077
711
1091
891
594
8034
716
1122
853
602
7333
755
535
875
640
1019
764
516
6295
695
1035
800
532
921
685
6674
807
2711
945
692
6142
846
581
6304
732
1105
852
601
989
737
7462
889
840
1009
6609
1147
894
644
6786
779
7055
930
663
6294
815
563
6522
685
6768
820
3071
971
719
1096
858
590
978
730
7455
865
613
1015
747
5493
899
649
1023
772
537
912
658
7318
797
541
945
680
6773
814
6340
949
697
6528
832
579
982
716
1106
855
620
994
743
8194
876
624
1027
758
507
5579
662
1036
785
548
7259
668
4578
803
6889
937
5345
1074
825
587
959
6408
1110
841
5977
983
743
1117
7641
1268
5985
747
1149
883
631
7997
781
513
7342
661
1035
7760
530
7952
664
6190
814
547
6338
699
1072
6257
570
958
6340
1095
859
593
5473
744
5623
864
611
998
746
1801
898
633
1022
7108
517
907
656
8106
788
8912
940
10527
1061
826
557
945
693
1081
1360
579
7155
715
2324
867
600
987
734
1124
886
623
1024
756
505
907
638
1027
777
539
913
665
6585
796
7525
948
681
6240
818
583
6302
703
1110
839
586
989
721
470
857
620
992
5734
498
872
618
6812
759
506
6680
657
5968
780
539
5606
663
1067
800
6799
938
5744
1072
820
6905
957
6403
1109
844
5736
979
743
473
7200
627
6115
746
495
7320
635
7364
787
521
907
6443
1047
798
1763
6630
681
6774
831
1566
6787
717
5766
840
588
976
5736
474
877
608
6708
765
6286
890
636
1024
773
523
5810
660
1049
812
6942
936
684
6771
822
1658
973
708
460
6633
596
6116
733
495
6568
616
1777
752
500
5899
638
1028
777
6359
912
660
7473
794
544
7911
679
1066
815
589
955
703
2312
842
7571
997
730
8097
867
632
7345
754
517
6568
639
7364
774
522
6736
675
7388
799
562
935
683
6771
820
6995
959
723
8077
843
608
6615
731
6658
866
615
1005
770
504
6543
658
6729
779
6864
914
6870
1048
5542
543
5352
695
6128
820
566
6739
716
1088
859
588
977
739
6904
860
6309
999
749
496
898
632
7358
785
516
7244
652
6825
791
7585
929
663
1053
815
7536
939
687
1075
824
7552
978
710
1115
862
595
984
733
7253
872
621
1024
758
6845
909
8347
1032
781
544
7017
666
6208
805
552
6326
689
1078
7249
587
7297
708
1111
845
610
997
730
477
7205
629
6702
751
6661
886
633
1036
769
515
6964
667
6448
787
1194
7351
673
6441
811
557
6645
708
5690
827
590
965
712
5871
844
592
979
5963
1119
866
630
2222
753
503
890
638
1026
6472
524
6808
674
6373
796
544
7272
683
6218
836
570
961
1925
6792
841
6289
977
725
6396
877
611
6419
765
497
6458
634
7361
771
520
6511
655
7269
805
546
930
677
6600
813
2572
965
698
1085
7173
582
6667
718
5957
857
604
6137
738
1128
1533
637
1014
763
7562
900
6316
1054
789
536
4973
672
6767
811
5457
932
5737
1083
817
563
8018
703
8631
844
604
978
725
1128
863
610
1015
747
496
884
647
1019
766
530
904
651
5744
786
533
923
7011
1062
809
571
6409
693
1097
6401
579
6315
733
1105
853
615
989
736
6503
872
623
6711
776
6314
895
657
6347
780
528
7983
665
6753
816
6889
937
1262
6783
821
6391
961
706
6315
862
594
7184
743
2335
864
617
1001
748
1138
903
637
1024
789
523
914
657
1045
794
543
944
679
6530
829
564
6725
703
6875
837
585
989
7060
1110
5722
606
994
741
5402
878
625
1027
762
5705
913
646
1036
783
546
917
665
7080
804
552
955
687
6318
824
587
6731
706
1108
841
590
995
730
6815
866
5590
1001
749
1151
885
634
1039
771
6273
907
670
7499
791
556
6702
680
6616
817
6902
955
6400
1091
6473
603
5939
724
1129
864
5257
1003
766
5079
890
656
6727
778
6038
912
659
7535
809
5985
929
692
1066
2034
565
6169
701
1091
854
588
977
742
7453
866
615
1004
753
6544
907
641
6727
790
6010
921
661
6108
800
548
5163
684
6129
833
567
957
704
6871
837
585
7215
722
7450
876
610
7217
749
7473
884
633
1038
6470
1158
920
5784
1042
790
6237
926
6246
1080
815
7541
965
696
7422
833
1220
967
717
1120
869
602
8069
735
6824
875
636
1011
758
1163
895
645
1049
782
6867
918
681
1055
802
6520
986
690
1092
824
1211
962
7136
1098
5842
1252
986
736
963
1193
781
1011
601
828
1057
646
875
1102
705
934
1162
751
981
1208
781
1010
1237
827
1054
643
872
1098
686
915
1144
733
962
1189
779
1008
1237
840
1067
656
887
1115
698
917
1147
731
959
1188
776
1006
1238
822
1052
640
866
1098
683
914
1141
742
972
1201
790
1019
1245
817
1047
634
866
1092
680
908
1135
724
953
1183
771
998
1228
815
1042
645
874
1101
690
918
1146
722
947
1176
765
992
1219
808
1038
625
852
1083
669
903
1127
716
946
1175
777
1007
1237
833
1054
1281
855
1083
672
902
1128
718
947
1174
761
990
1216
806
1034
623
852
1082
684
911
1142
729
961
1185
759
986
1214
803
1031
616
847
1074
662
888
1117
706
935
1162
750
977
1207
809
1040
1268
855
1082
656
886
1112
699
931
1155
745
977
1201
789
1017
1246
832
1062
649
878
1109
711
942
1171
757
984
1214
786
1013
1241
828
1058
645
873
1102
693
919
1148
738
965
1193
782
1010
1239
842
1071
658
885
1115
689
919
1146
734
962
1192
780
1008
1238
1466
1053
640
868
1097
688
915
1144
747
977
1207
790
1019
1247
822
1051
1280
870
1099
689
919
1146
735
965
1194
784
1013
1241
828
1055
659
890
1115
704
932
1158
734
961
1189
774
1002
1229
819
1044
1271
860
1089
677
903
1133
723
951
1177
782
1010
1238
830
1058
1925
857
1086
1316
902
1130
720
952
1182
771
998
1227
816
1045
1273
861
1090
690
919
1146
733
961
1190
763
991
1219
803
1031
1260
847
1079
664
893
1120
711
940
1169
757
987
1214
819
1045
631
864
1089
660
890
1119
710
937
523
753
980
570
799
1025
612
842
1069
658
889
1115
719
948
535
764
992
569
794
1023
1253
838
1067
662
884
474
703
931
520
749
976
564
792
1019
622
850
1079
666
896
469
695
925
513
742
968
557
784
1016
603
832
1062
648
876
1104
693
921
523
753
980
575
799
1026
601
831
1059
646
873
1102
693
920
508
736
965
553
782
1009
600
826
1056
658
886
1114
703
932
508
738
967
552
782
1010
598
824
1054
643
872
1102
692
918
508
736
963
567
794
1022
611
839
1070
644
874
1103
693
918
508
733
960
550
779
1009
596
824
1053
641
868
1102
698
924
512
740
970
545
772
1000
1230
817
1047
637
861
1092
679
907
494
723
953
540
769
999
604
831
1064
659
878
451
682
908
497
728
955
543
772
997
587
817
1045
631
856
1084
673
900
502
732
962
551
779
1012
586
813
1041
627
856
1084
671
903
486
716
945
533
762
991
583
805
1035
638
866
452
686
908
479
712
936
527
754
984
572
798
1025
613
843
1069
659
887
478
702
932
536
761
988
577
807
1036
611
849
1068
654
884
471
699
927
515
745
972
562
789
1019
606
835
1065
668
897
484
712
941
516
743
972
562
791
1019
607
835
1065
652
881
469
699
926
515
744
972
577
805
1031
622
842
1073
644
885
461
689
917
508
735
962
551
780
1010
598
825
1058
641
869
474
704
933
522
751
981
554
783
1013
602
830
1059
643
872
459
686
914
504
731
958
549
775
1005
608
834
1065
653
881
457
684
913
501
728
957
546
776
1004
591
820
1048
636
865
453
679
908
511
738
968
557
795
1012
583
814
1041
629
860
447
675
902
490
719
949
539
779
993
580
807
1039
641
867
458
685
912
487
714
942
531
757
986
1215
804
393
621
850
446
671
899
486
714
943
546
774
1001
589
815
1045
618
845
434
663
891
479
715
935
525
752
981
567
796
383
610
838
443
672
901
491
716
945
520
749
979
566
795
1023
612
841
431
658
886
473
703
933
520
749
979
583
813
1042
632
861
1091
668
892
481
709
937
527
756
990
573
800
1028
616
846
1074
662
891
496
723
953
542
770
997
570
797
1025
612
841
1069
656
886
1112
701
928
515
744
972
562
788
1019
621
849
1076
663
891
467
699
924
1153
740
970
559
789
1016
1244
836
1063
649
877
1107
695
923
526
753
982
574
802
1031
606
836
1065
652
881
1111
700
929
518
745
974
567
791
1021
608
837
1063
666
894
1135
712
941
514
744
974
561
792
1019
609
846
1066
653
884
1110
697
927
516
746
974
576
805
1035
624
849
1081
653
881
1111
699
928
1156
744
973
563
790
1020
607
834
1061
648
877
1104
708
935
524
752
981
553
783
1011
598
826
1052
642
870
1097
685
915
501
728
956
544
771
1000
601
828
1056
645
875
1102
677
906
1143
725
953
540
767
994
584
811
1039
628
857
1087
675
905
509
738
966
555
784
1016
589
816
1044
631
861
1088
676
903
1132
722
956
541
769
997
586
814
1041
644
871
1100
686
915
486
716
946
533
764
990
578
806
1035
623
852
1080
671
898
485
715
940
542
771
1000
589
819
1046
620
850
1080
667
895
484
713
943
534
760
990
579
807
1034
622
851
1081
683
911
498
728
956
529
757
984
572
799
1029
616
847
1076
663
890
480
708
936
541
754
982
584
813
1039
628
860
1087
661
891
1118
706
937
524
752
982
569
798
1026
615
843
1071
656
886
1113
717
945
534
762
991
1220
795
1024
614
840
1070
660
886
476
704
932
521
748
976
563
794
1020
623
850
1079
669
898
470
700
929
516
744
972
561
791
1018
606
833
1062
651
879
468
695
921
523
752
980
570
794
1022
594
821
1051
639
869
1099
688
916
508
736
965
551
780
1008
595
828
1056
657
884
474
702
935
507
738
968
552
781
1008
597
827
