3412
1911
635
1887
2006
1762
2359
629
140
191
1425
2035
3285
572
2485
2414
3023
1939
658
306
587
155
1936
659
1796
520
1154
2348
560
155
2131
214
1480
2730
3339
607
2521
2450
3697
1975
667
166
411
172
1777
502
193
475
167
1455
2672
948
1901
2787
160
2108
832
1425
2687
3303
572
156
638
165
1966
708
1968
2533
1756
2380
639
379
2098
823
172
222
332
2147
328
177
2717
754
181
682
3175
2541
434
1029
181
1458
2029
265
190
2165
873
1501
2747
3328
631
1258
3196
317
642
3168
197
1976
2729
188
1456
195
2004
2038
2645
685
1936
2557
240
2118
2104
468
2160
895
673
343
1576
2004
559
230
1922
645
200
266
2076
2126
418
1067
2309
217
2027
3116
1551
339
1588
1527
3416
841
1130
1729
2978
786
1721
2634
3868
240
1513
2100
378
210
1931
656
2605
207
1173
2072
3292
236
2138
2715
3328
518
392
2373
244
864
2073
2694
701
2083
1312
2577
3170
946
208
1017
2255
2875
656
201
1506
229
1941
2071
204
1132
2349
2975
751
1988
2597
342
195
2045
782
2602
435
205
2038
780
1402
2648
3247
529
1763
2372
3590
266
1516
2749
3374
658
205
1318
2567
227
2044
525
195
1875
2496
759
2009
2602
350
1623
2177
1582
438
1072
2309
589
1839
2448
244
1653
2071
499
2200
911
348
255
2684
2118
602
1235
2446
929
1563
358
298
2245
697
195
1495
220
181
250
2073
2092
822
1116
2364
2952
758
1615
2580
3844
231
177
2089
811
185
1982
753
170
1330
2595
230
171
2103
825
2070
2683
431
1677
170
1522
2147
390
1649
746
1178
161
238
160
1728
467
1651
2293
154
1605
2170
421
718
484
142
140
1652
343
1953
2122
844
2990
2694
850
1381
2692
144
2073
813
137
2026
140
134
388
147
1735
2344
616
138
316
1608
2193
406
642
2455
682
1935
2509
3774
174
1407
2020
3266
509
1822
2353
687
1723
456
2288
2319
807
781
2667
3262
242
1492
755
1034
1640
2879
675
142
1943
2538
814
2060
2657
406
162
1898
605
161
194
320
201
163
1756
495
1752
2334
183
2127
2041
1973
1615
334
247
2197
674
986
2220
2829
609
236
498
3039
2331
509
1143
2368
867
166
360
163
1790
511
170
1954
677
1934
2504
3130
414
1632
2258
221
1911
665
180
222
161
642
1891
3125
280
163
988
2238
513
172
214
174
1484
204
167
1647
2241
532
167
1112
2329
2951
751
1984
2611
322
1592
389
2075
158
3619
2641
3251
248
162
1946
2539
814
2064
2674
405
3086
2265
252
1469
2128
3356
1879
598
1703
314
1588
2174
449
172
1812
535
154
168
167
1423
163
1420
1365
2631
618
1867
2465
206
2105
2035
167
1336
2581
220
792
449
164
1716
2325
585
1850
165
877
2042
187
1353
1972
527
1821
2398
-18
1123
2354
4
-34
1460
183
1439
-13
541
-15
1235
2473
109
109
1794
534
10
970
2200
2775
600
1831
2439
185
-20
296
1543
-21
1102
2368
2
1235
-31
615
1864
2457
269
1374
-30
1898
1844
-36
496
1757
29
1282
1865
465
393
-8
2262
264
-67
1734
456
64
376
-73
906
2169
2761
571
775
2417
424
1472
204
1042
222
1492
2100
3318
-55
-93
283
-102
-63
1831
1759
-98
451
1685
2309
104
-102
1913
619
144
33
1339
1929
182
2124
2074
3328
1694
402
1662
384
46
0
1292
19
1821
1882
2498
313
39
1394
135
29
1552
293
35
1469
2080
357
58
1148
2415
708
1983
2554
73
290
2501
2152
684
1279
2547
328
2435
2187
64
1334
140
953
2012
2607
252
108
3345
622
1879
2496
206
149
235
149
2122
850
179
1375
2629
253
197
1160
2398
677
500
815
207
712
1967
206
857
2109
2721
504
328
1377
2629
279
236
2051
824
773
1920
629
1385
2701
259
1270
2522
3121
900
2147
294
1631
2260
536
1828
2416
3664
681
2225
2812
2812
377
289
2336
1157
295
574
307
2214
954
679
245
2028
1959
2540
3793
579
1722
400
140
2022
732
135
1874
580
145
1304
1890
167
2077
2023
1387
1770
493
1126
2352
740
2012
2566
3814
2137
840
2132
2702
1937
2562
821
496
729
109
1662
369
117
549
1799
729
395
127
1103
2349
2963
768
1108
2607
1669
2277
543
72
1341
76
1657
1897
681
344
1575
40
696
49
1288
43
33
1514
2137
409
2511
33
1139
41
1275
2542
3136
404
1842
2264
1463
2077
336
48
1380
103
33
1722
461
2353
2302
2912
1794
2355
572
2006
2440
1450
2075
334
1608
2191
3421
497
46
1526
2134
392
39
1978
700
30
220
42
1521
259
37
1822
567
2473
2434
1036
2293
575
370
655
1271
2509
325
1604
2177
3416
4045
850
1430
2699
449
2085
2297
152
206
1445
2074
3308
3899
740
1991
2586
352
172
181
1976
2027
175
1217
185
504
691
334
1584
181
630
195
1962
668
453
2152
223
2134
2719
185
1222
1841
3091
869
176
584
194
1898
604
183
2032
2639
929
700
977
2229
2824
622
1883
3903
175
1117
2049
3283
198
1402
3336
428
952
2270
401
1050
2260
376
164
1883
2476
3101
1537
2146
325
1983
2196
1306
182
794
829
2609
741
2802
169
2134
1450
176
1465
2051
171
1425
2003
909
1323
2593
229
1501
2070
3316
716
1989
2559
1950
196
786
2071
267
1558
2138
354
1550
2196
177
977
2251
2861
644
795
436
1684
179
565
719
1749
486
2310
2326
2950
825
162
251
882
2107
342
1915
2525
802
154
1810
533
157
246
1517
2087
201
1458
2027
3274
191
145
1837
559
1810
151
1095
147
155
1956
2025
2623
385
1634
2879
3460
743
1352
2601
364
1621
2206
2811
563
1812
2406
168
1337
1994
3255
297
592
143
244
273
2086
153
156
1612
351
154
1490
2099
354
2155
2184
643
142
384
145
1681
405
150
1863
603
2514
2460
1631
2224
496
1772
2342
673
618
630
224
1490
2724
3318
666
145
1610
322
2063
2194
161
1451
174
1447
2033
2643
354
1592
2216
3420
4045
865
2114
2693
472
163
1959
670
1319
2542
3139
915
2164
2697
1306
175
818
1394
2672
296
1545
2168
3404
3998
818
2063
2657
409
163
1388
2621
257
2170
2100
3349
294
173
1756
2362
637
172
1252
2453
3095
890
2136
2730
465
171
2144
854
177
167
177
1994
702
186
340
2181
2211
3432
283
174
1722
478
527
175
2022
757
180
2140
223
170
334
774
402
1827
2228
1632
2068
776
170
1130
1707
2925
747
170
1249
2483
3119
917
1541
2775
486
1386
3337
1817
528
1789
2397
3634
262
1526
2771
3364
647
165
559
154
1293
2526
194
479
773
1954
871
150
606
1850
572
244
157
1521
228
146
1606
157
1149
2414
3004
802
2063
2676
405
450
2150
872
2062
620
1983
163
491
2357
152
822
2073
3303
3901
734
170
2066
785
152
740
227
1911
618
264
1964
2577
836
2081
146
581
147
152
1375
1982
3243
254
1490
2739
3348
615
1175
2484
146
2028
766
906
2608
783
1419
2642
3235
501
1749
1972
843
3046
2673
737
156
609
153
1268
2517
3094
925
2170
2767
496
2051
2336
1431
2056
311
213
491
137
800
2061
2672
470
1703
2307
3556
161
1999
175
155
2624
156
1522
229
1664
2083
150
1996
731
153
782
831
2624
3861
2180
902
161
1145
2414
2991
786
143
1936
645
153
2040
2633
904
2153
2750
493
2322
2353
1157
1778
3011
186
1671
2977
292
2192
131
1743
434
134
1744
2330
620
1866
2461
186
2028
2025
2055
103
1561
265
2192
2137
662
1723
426
100
1773
2377
652
104
1227
2491
128
1521
2812
73
2257
602
1822
324
1995
2192
3395
834
2082
2678
472
65
151
1426
1990
233
85
154
2065
1990
136
1835
526
1794
2414
180
1924
2037
1160
963
2196
2804
567
1800
2407
155
1430
2011
3245
1839
542
52
1759
454
47
1874
2470
757
1990
2601
332
38
302
1519
2140
3375
50
1929
2553
685
1717
2347
628
1865
2493
225
2345
90
1922
1939
1979
2074
159
1439
2022
3136
928
959
2774
172
1425
2681
3284
556
121
1742
467
2025
2375
128
530
143
1155
1738
666
2007
2543
142
1381
135
2308
2027
142
1374
2642
3236
504
148
333
220
1890
628
3098
2471
3721
2124
847
2309
2706
154
604
167
1947
659
1920
2087
1828
2439
700
2326
529
1791
3041
3622
950
807
697
1919
2540
339
1597
2178
283
1367
2140
168
1165
2399
174
1306
1929
217
2669
2048
3295
1760
484
1753
2376
3610
192
1455
2709
3303
587
1860
2426
3664
320
1570
2167
3430
682
3386
2528
242
191
1879
2501
778
2005
2615
370
203
1398
2662
279
201
1914
639
1870
2499
258
1815
2121
470
2187
892
2172
2067
774
1428
2661
3261
539
1787
2399
3618
289
1540
2776
3397
665
1930
2524
287
2117
2133
226
1246
2443
2474
1228
2481
3072
819
1987
2649
1832
2456
715
250
544
230
1762
485
235
1852
571
1847
2417
3024
418
1666
2272
3521
4127
902
2145
375
663
576
244
209
1076
2324
2916
699
1958
2570
293
215
587
1837
708
368
1536
2193
1119
210
1701
2305
595
1830
211
1862
2470
717
1977
209
529
203
1312
2578
225
192
196
354
2022
2662
925
342
635
193
1725
447
1712
207
931
370
2042
776
1948
2617
333
525
433
205
1844
2453
712
1989
2598
313
192
2107
833
1426
2687
3279
564
1855
2437
3668
2183
906
2155
2747
494
1890
2339
3584
1795
519
194
249
193
1531
266
197
1677
426
217
1900
608
185
2001
2656
911
2159
2739
515
1701
2355
192
853
2101
2697
488
1739
2014
1131
213
495
196
1663
385
183
1157
2403
3000
791
1399
2648
383
1656
2238
602
879
2155
2724
356
1783
2197
3429
297
585
1769
299
1548
183
511
180
1842
550
176
182
188
2067
170
1442
2013
355
1006
2227
2847
642
194
1956
680
1275
2535
282
2199
2128
171
193
601
2629
341
533
174
520
173
1753
2378
639
1888
2499
246
1874
2084
180
1881
588
174
2081
782
208
486
2388
2328
3581
1977
691
177
451
1687
2290
3534
186
1451
2700
3309
582
2087
2475
1562
2183
446
1618
2304
1218
1851
3044
935
1956
2777
772
425
1674
2009
530
2978
2356
597
2071
2857
215
505
1774
202
1536
2141
388
191
407
2924
2281
444
206
1897
640
2742
2498
881
1870
2723
211
1671
395
215
1902
2491
754
2019
2627
360
305
585
195
988
2217
491
2483
206
694
2563
203
2024
790
1402
2646
379
1645
2234
1612
2011
743
187
456
1714
2298
3542
4123
937
702
2764
350
192
1279
264
1311
2560
206
1474
2081
3310
529
176
675
168
584
168
1897
623
448
2139
876
470
765
2550
2639
641
155
2159
246
2924
2737
247
1492
166
1430
152
175
1786
2396
669
170
483
796
1824
546
163
1779
501
1749
2343
2954
441
1682
2926
3547
798
2074
2659
450
2070
2306
149
1510
263
156
1900
2469
768
2032
2625
356
1627
2209
3429
4050
868
1461
2714
458
1732
2319
687
646
1268
2493
578
174
183
166
1851
570
185
1986
742
2486
469
874
2328
571
1760
239
186
1667
373
187
2138
858
2080
2717
209
278
189
969
2203
2807
603
1857
2461
197
2109
2050
3284
3898
680
192
1196
2432
3059
833
747
1047
2297
2885
664
199
603
385
2125
848
2039
536
1789
2377
440
617
2319
846
203
629
1877
528
822
564
204
726
1867
577
214
243
321
2147
374
211
2679
762
217
2194
288
1428
2806
1203
2454
2994
760
2031
2631
3847
2053
774
2049
2618
3865
2072
777
2012
2648
1742
2362
623
2034
2464
192
192
1968
706
188
1914
633
180
1883
2475
762
175
644
2568
2513
1701
468
293
2307
2302
918
2194
2747
1917
2526
765
187
917
2144
2757
564
1813
2394
169
167
2111
843
187
1487
2084
375
2271
2200
3445
2027
730
1983
2604
318
177
274
874
3963
3364
1958
684
1958
2542
353
850
2196
3429
4023
810
176
1816
539
176
239
160
1700
423
