681
1039
786
531
6051
664
1049
817
6827
926
686
1056
803
551
6636
685
1073
832
564
6646
709
6342
826
575
7420
709
8071
856
589
6510
731
1100
847
594
982
727
6811
871
606
988
753
6824
872
6318
1006
750
6838
901
6152
1015
777
509
7554
645
6460
771
519
923
656
1038
797
7178
912
7146
1046
792
7515
938
668
1055
817
6248
936
683
6649
815
1781
962
690
2382
839
572
6967
702
6207
833
579
7969
712
7437
856
595
6499
723
485
853
602
1000
726
8818
873
606
9252
738
496
7374
616
7813
750
497
6673
632
1019
761
524
900
647
6772
777
6223
924
656
6096
784
546
4842
663
6111
794
539
6550
672
6858
799
564
7911
679
1082
7656
560
960
690
7437
1480
583
6652
704
1102
832
582
7632
711
457
842
7567
975
722
6408
855
599
6634
733
7767
861
621
990
7086
498
866
611
8734
744
495
7855
636
1011
753
1644
887
632
1034
768
7491
898
674
1030
778
6064
913
657
6942
787
5666
919
679
1050
799
558
929
675
6519
825
558
6739
707
6505
854
583
955
702
1102
833
578
963
722
1091
839
603
974
718
5782
851
596
992
7157
478
6047
631
1003
746
490
875
620
7347
770
2360
888
8250
1022
768
513
898
642
7216
792
6221
910
671
2264
793
6364
923
669
8033
818
552
7916
699
8775
819
567
6458
1340
1085
6496
578
6752
722
6793
841
588
977
716
7836
865
596
981
6829
1113
861
6636
1042
743
5869
893
624
1007
6827
1138
887
636
1018
765
511
5761
643
1030
790
529
6691
653
6791
786
6302
933
664
7459
809
716
7262
669
6755
802
6249
950
6297
1065
824
4684
940
686
6538
826
567
8021
702
6531
849
580
6419
712
1101
6629
590
6126
725
1110
872
7016
991
7712
1118
866
1828
1013
745
7472
889
623
1014
760
1142
890
636
7305
767
5571
914
646
6817
781
539
1561
657
1058
787
535
6620
667
1057
800
560
6265
677
1077
807
558
954
687
6357
822
586
6536
702
2304
834
6371
979
708
7432
842
601
6638
716
6111
849
596
8686
730
6815
861
624
996
744
6828
878
6322
1026
758
8121
889
651
6794
771
6378
902
650
6417
785
530
7254
678
1048
794
558
927
6370
1074
807
6793
937
5894
1070
817
576
946
5720
1096
829
580
6665
727
6000
854
607
6023
724
1127
857
6375
992
752
1127
870
630
1000
745
489
5932
619
1004
5525
497
872
633
6333
750
1150
880
627
1015
775
6076
891
650
7436
772
521
904
649
7526
797
7503
910
670
6226
788
533
6452
668
5818
810
543
7266
1327
1059
807
552
949
687
6769
834
5870
951
716
1083
5890
577
6078
710
1097
858
592
5894
1379
1109
856
7668
1037
738
7464
886
5948
1006
766
1139
6567
1284
1016
764
5267
911
6015
1027
786
1158
6615
1306
1039
5914
1171
932
1351
1049
809
1179
924
5259
1058
809
5832
954
685
1069
832
5398
950
696
1081
826
7701
972
7041
1087
5573
1219
965
712
7439
847
6930
992
2388
1107
871
6593
988
733
6817
864
5745
1011
743
1131
890
1681
1017
5812
1140
888
3856
1033
760
1146
909
1280
6951
776
6729
905
6990
1053
7519
1169
929
1302
1049
6932
1182
929
2535
1079
7789
1197
957
7028
1075
821
1205
955
700
6144
830
6001
978
710
6912
843
1225
972
6293
1122
852
6368
1001
730
6097
865
1253
999
6001
1145
878
626
7350
758
6845
892
6664
1026
773
1176
906
651
6529
783
1171
7903
678
7875
794
1194
924
3319
1073
802
551
935
706
6691
812
6651
947
695
5819
825
570
958
6476
1092
837
598
6666
713
5131
847
589
5168
734
464
851
613
5401
728
475
865
4611
1040
754
6183
871
634
8069
749
7673
878
627
1025
776
509
5822
653
1023
771
7497
903
651
398
7127
532
8535
675
8828
792
536
6732
668
6456
814
546
5990
691
6764
812
1211
941
686
7564
834
6648
952
714
6350
827
573
5683
706
1093
852
6920
969
7111
1101
847
8213
980
725
7449
872
619
989
752
7459
865
612
998
743
6826
887
6372
1002
763
5637
878
627
6081
760
5637
908
640
1023
783
1427
899
649
1029
777
6011
924
654
7067
801
6242
919
663
7460
795
5999
943
675
6105
823
1195
943
6828
1075
9808
1210
970
701
1088
850
7413
968
713
1097
843
6046
994
723
6295
869
599
6684
731
1117
862
1294
1019
7564
1125
886
1255
1000
7724
1130
880
623
6067
754
1137
897
6678
1017
765
6923
899
6344
1045
774
6979
922
654
6745
785
1172
918
663
6746
793
1178
938
670
7397
802
563
933
681
1081
811
558
6922
692
6727
824
586
958
706
1109
839
584
986
717
6609
851
7055
983
7316
492
6563
607
6049
737
483
5373
630
4298
747
510
5939
627
1025
7095
503
5517
662
1020
768
530
4871
645
6091
779
525
6272
672
1045
792
6876
923
672
1072
813
549
6524
695
7752
813
576
947
9039
1095
827
8285
960
720
8068
835
597
6237
715
1115
1487
595
982
745
7086
862
625
5173
746
1708
924
625
6547
775
1754
906
652
7360
770
514
7241
653
6834
795
521
909
7633
1039
786
532
7258
666
2273
815
8224
934
694
7404
814
556
7344
687
5397
844
568
956
731
6148
834
580
4838
712
5515
859
591
6765
739
1108
854
6938
986
8350
1117
7843
611
997
759
6350
877
624
6693
754
7478
902
632
7356
779
512
895
6462
1035
777
525
5415
656
4598
807
7003
923
1323
1053
800
546
945
678
1066
827
552
7277
683
1072
816
561
963
693
7508
842
574
6658
706
6723
837
1800
982
714
6071
862
595
5863
725
1112
860
7040
1004
741
6908
881
6382
999
747
6918
879
624
6708
755
503
903
637
7361
768
6854
902
6346
1049
782
529
929
660
6057
794
555
6812
673
5960
805
553
7277
685
1073
820
584
954
745
1099
827
575
977
708
6390
841
603
7951
721
1123
854
601
8054
734
7529
863
8285
994
739
501
874
619
1019
749
495
883
645
5784
762
525
895
6979
1042
773
520
6038
669
1042
789
5836
924
717
1072
802
551
940
697
6592
817
577
6521
697
6466
830
575
6659
722
6881
840
602
972
6490
1121
850
1815
6345
745
478
6319
622
994
6436
488
5934
618
7190
765
2354
877
638
6143
759
1159
939
640
5683
785
562
902
665
1038
783
531
8623
663
1048
811
542
929
689
1061
808
557
941
686
7024
832
5876
947
712
1080
6523
574
5250
704
5109
852
582
6027
729
5949
849
597
5930
731
5624
884
617
1004
767
497
882
629
6073
762
509
7320
642
8702
787
8776
904
7703
1040
787
533
931
662
6452
806
538
7032
673
6118
807
555
6001
687
1074
837
567
6908
699
6658
833
7594
978
709
1093
856
588
973
718
8170
849
8727
999
731
8572
878
607
7974
743
1127
873
620
5248
752
6530
897
627
7014
756
6273
890
637
1040
771
519
920
650
7093
780
532
902
650
6736
782
5393
930
662
1050
795
557
927
672
1072
7227
549
2156
684
5984
814
573
7118
690
4455
838
571
7135
703
1651
835
598
968
714
6159
844
585
987
720
4404
853
614
6355
733
1132
865
613
1015
744
6920
881
641
1014
761
1163
7959
642
8684
773
8306
903
664
6205
779
1182
911
658
1061
791
6931
922
1885
5999
799
560
6631
679
5484
809
554
6177
704
1075
819
5946
954
700
1102
7898
579
8916
727
8076
841
603
6926
722
7516
852
602
988
749
6786
866
7591
1000
747
6830
877
6968
1015
6455
1145
892
652
1023
768
7021
901
6433
1033
794
1165
911
671
1043
788
7512
922
666
1054
817
6383
936
699
6448
819
1219
951
698
1083
845
7008
962
722
1095
840
1241
7366
716
5521
865
1235
979
742
1114
863
6747
993
7149
1123
6337
618
1003
7730
1138
8015
632
8590
764
1154
916
657
1037
798
6387
916
659
7154
794
7129
942
5878
1062
1462
553
7228
686
7859
818
563
6394
698
1085
852
576
961
710
6790
836
6282
985
714
6248
866
595
983
730
7269
861
7275
1008
6626
1124
883
616
6147
750
1134
879
7240
1032
763
508
908
640
2246
773
536
909
653
7379
789
532
7448
665
5581
797
557
5604
679
1073
805
6335
953
685
1068
816
576
946
691
1095
825
569
969
699
7426
834
595
965
710
1110
841
588
5870
721
469
6105
614
985
729
497
866
609
5751
739
487
875
6461
1008
755
516
888
632
7078
768
6211
901
662
2251
794
538
911
659
1062
809
538
925
687
1057
802
562
934
683
427
812
559
6731
705
5620
831
7630
1592
698
442
830
577
7392
722
453
838
599
6669
718
6251
853
597
6113
745
478
7203
626
996
744
489
876
624
1009
769
499
6589
647
6078
764
5553
895
643
1028
787
520
905
673
4973
783
528
5974
658
7486
808
541
5919
688
1058
809
553
5999
686
1072
831
563
4800
709
5687
827
571
956
4846
1089
5892
594
964
727
6798
840
6371
973
720
472
5142
597
6041
745
475
7288
610
997
1963
492
6096
622
1010
770
503
887
636
6406
768
515
918
648
1033
796
7504
916
668
1051
796
543
948
679
7282
825
554
942
690
6711
825
6114
977
707
6153
855
588
6240
720
482
6247
643
998
731
478
877
610
7423
741
7385
874
623
1021
757
504
5382
637
6721
768
6126
901
648
6181
780
528
929
663
1048
793
555
7266
672
6759
806
7531
952
683
7238
817
577
6653
692
7505
822
568
4848
702
6233
835
597
6488
715
1753
852
593
7318
722
3376
859
618
990
738
6451
865
610
1012
742
490
6574
635
6559
752
1341
7311
631
1438
6706
511
6684
663
1031
778
542
912
660
7011
791
6379
925
688
6447
803
568
6633
682
6764
813
558
948
703
6883
823
583
960
712
1106
836
585
971
730
7254
859
609
984
726
7552
858
605
7969
752
483
7460
631
6062
751
500
4775
631
6179
777
508
7432
654
6932
773
518
5787
649
1035
796
6865
912
6430
1048
793
6979
928
671
6588
823
556
7567
703
6099
821
571
6206
702
1089
850
582
967
728
6796
845
5553
975
720
465
6455
601
8605
747
6515
913
614
1000
745
491
7220
625
6798
774
502
6690
637
7360
767
516
912
645
1875
790
521
5494
653
5456
783
530
935
663
1047
812
545
4918
676
4964
810
4409
955
695
6135
834
566
6650
698
6909
828
574
6512
707
1094
6410
588
973
737
5858
854
597
6129
730
1117
880
7105
994
5799
1130
876
6444
1023
754
7508
903
1272
1019
777
527
902
647
7372
778
528
6904
659
6849
788
554
6152
669
1077
801
548
950
682
7410
814
575
950
695
1097
824
572
7296
701
6784
835
8196
963
708
6710
840
6456
987
718
6449
896
608
6864
729
8325
860
605
7417
741
6171
874
638
6459
758
521
7284
637
6652
769
5479
898
661
1032
779
539
913
660
6747
797
543
929
692
5615
808
564
936
683
6770
817
564
953
716
7042
833
6316
969
715
7524
845
7573
978
744
8566
859
621
7022
733
483
6567
617
6062
766
6194
883
644
6595
766
1727
897
644
2249
795
524
6398
669
1041
7916
531
921
664
1099
814
7536
928
690
1064
808
7528
935
682
1087
833
7597
947
706
1077
823
7395
955
962
6382
854
583
6255
732
464
6035
594
979
729
7141
886
6946
992
752
486
8638
618
8620
751
7472
894
624
1027
777
5438
894
644
1030
778
522
923
654
6483
801
542
5786
667
1051
796
6882
944
679
1061
827
568
941
689
6829
819
1214
6106
695
1081
838
7550
958
703
8186
833
581
981
713
6304
864
593
6573
727
6247
858
604
